1 (source)	c
79	79
3011	3012
3492	3493
4182	11115
4417	11350
4445	11378
5447	12380
6650	13583
8267	15200
11465	18398
13350	20283
13459	20392
13460	20393
16055	22988
16100	23033
16218	23151
17405	24338
17970	24903
18495	25428
18572	25505
20196	27129
22858	33531
22874	33547
25764	36437
26047	36720
26289	36962
26583	37256
27876	38549
30702	41375
31442	42115
31840	42513
32173	42846
32709	43382
32736	43409
39999	50672
40328	51001
40417	51090
40441	51114
41241	70408
43215	72382
43245	72412
43636	72803
43707	72874
43854	73021
44008	73175
46916	80498
49006	82588
50458	90006
51421	90969
52172	91720
52772	92320
53072	92620
53267	92815
54017	93565
55991	95539
58204	97752
58512	98060
58619	98167
59253	98801
59887	99435
60840	100388
62187	101735
62874	102422
62881	102429
63842	103390
63878	103426
65059	104607
67790	107338
68746	108294
69554	109102
69958	109506
71318	110866
71464	111012
72754	112302
73749	113297
74149	113697
79055	118603
79066	118614
79878	119426
79963	119511
79976	119524
81178	120726
82730	122278
83892	123440
84169	123717
84184	123732
84494	124042
84547	124095
85046	124594
85282	124830
85877	125425
86696	126244
90488	130036
92059	131607
93190	132738
93728	133276
94346	133894
94490	134038
94726	134274
95505	135053
95842	135390
96186	135734
96203	135751
96457	136005
96480	136028
96496	136044
99063	138611
99129	138677
104059	143607
105115	144663
105252	144800
106822	146370
106942	146490
107006	146554
107235	146783
108237	147785
108356	147904
108646	148194
108825	148373
109045	148593
109209	148757
109338	148886
109667	149215
110382	149930
110490	150038
110632	150180
111772	151320
112205	151753
113517	153065
118685	158233
120548	160098
124002	163552
124464	164014
125915	165465
126192	165742
126379	165929
126566	167125
129043	169602
129322	170975
129355	171008
129858	171511
130548	172201
-132058	301428
-135690	297796
-135701	297785
-142131	291355
-142424	291062
-142517	290969
-146720	286766
-148584	284902
-150914	282572
-150918	282568
-152768	280718
-153292	280194
-153349	280137
-153454	280032
-153715	279771
-153984	279502
-154020	279466
-154244	279242
-154541	278945
-154586	278900
-155957	277529
-156781	276705
-157864	275622
-158747	274739
-159800	273686
-159942	273544
-160014	273472
-161262	272224
-164126	269360
-164973	268513
-169575	263911
-171472	262014
-171535	261951
-171829	261657
-172188	261298
-175848	257638
-176705	256781
-178226	255260
-179050	254436
-179153	254333
-180371	253115
-181467	188336
-182084	187719
-185083	184720
-185941	183862
-186201	183602
-186988	182815
-187155	182648
-187329	182474
-191866	177937
-192244	177559
-196033	173770
-196402	173401
198400	661358
199555	662513
200555	663513
200617	663575
206973	675376
207274	675677
213483	703048
215740	705305
217198	706763
217258	706823
217857	707422
218450	708015
219190	708755
222675	712240
229368	718933
230650	720215
232067	721632
232076	721641
232369	721934
233059	722624
233179	722744
234643	732177
234745	732279
234860	732769
235084	733100
235190	733206
236787	734803
239489	737505
240152	738168
240214	738230
240893	738909
241644	739660
243989	742006
244030	742047
244259	742276
247473	745490
247475	745492
247753	745770
247790	745807
247980	745997
248136	746153
248173	746190
250387	748404
252687	751760
253486	752559
255097	754771
256487	757379
257993	758885
258048	758940
258051	758943
258241	759133
260133	761025
260147	761039
260161	761053
261394	762286
262949	763841
262959	763851
266593	767485
273223	780333
273340	780450
273502	780612
274403	781513
275456	782566
275502	782612
275634	782744
280403	787513
280551	787661
283588	801307
283843	801562
284352	802071
287991	805710
288010	805729
289303	807022
290734	808453
293423	811142
294674	812393
295708	816072
297789	818153
300393	824874
303287	827768
304334	828815
306673	831154
310729	835210
311737	836218
312163	836644
312284	836765
314272	838753
318280	842761
320695	845176
322755	847236
323419	847900
324975	849456
325996	850477
327645	852126
330577	855058
333747	858228
333960	858441
338808	875275
338837	875304
340151	876618
343389	881063
344682	882356
345687	883361
345769	883443
347010	884684
347094	884768
349301	892055
350904	894005
351331	894432
352720	896470
353823	897573
355288	899038
356021	899771
356943	900693
359956	903710
360109	903863
360595	904349
361123	904877
361945	905699
363343	907097
365672	909426
371288	915042
373242	923945
374180	924884
375424	931136
376686	932398
381097	940105
381935	946328
382130	946523
383947	948438
384693	949208
386202	951786
386922	952569
386957	952604
392237	958831
392855	959691
393163	959999
394044	960880
399177	966929
399310	967062
399422	967174
401285	969094
403454	971927
406114	975106
406946	975938
407184	976176
416167	986940
416263	987053
418439	989344
418840	989745
420617	991988
421919	993404
422434	993966
426574	999085
428675	1001413
429954	1002836
430780	1003736
431707	1004775
432568	1005767
432649	1005848
433194	1006393
435475	1011233
435828	1011598
435953	1011723
437286	1013056
437662	1013432
439211	1018808
440052	1019649
442937	1022827
443953	1026353
444522	1026988
444751	1027276
451227	1036019
455563	1041108
456336	1042033
461509	1047744
461829	1048064
462096	1048331
465819	1054654
466206	1055110
466338	1055245
466489	1055638
466905	1056087
467829	1057389
470429	1060219
470660	1060450
472819	1067838
474096	1069749
474400	1070057
475211	1071553
475239	1071581
475313	1071655
475800	1072142
478897	1076957
479668	1077835
480578	1078762
481093	1079413
482143	1080510
483298	1081822
483342	1081866
489635	1089370
489718	1089453
490394	1090129
490703	1090438
490715	1090450
490751	1090486
493977	1093712
494014	1093749
494419	1095116
496896	1098495
499195	1101005
499259	1101069
499774	1101584
500036	1101846
500368	1102178
502752	1104562
505234	1107044
505455	1107265
505499	1107309
505635	1107445
505809	1107619
508138	1111062
508180	1111104
508703	1111884
509361	1112542
511286	1115380
511460	1115554
512900	1116994
513055	1117149
513477	1117571
513758	1117852
516915	1128523
517145	1128753
517777	1130142
518834	1131324
519580	1132284
520027	1132731
520079	1132783
520344	1133048
520359	1133063
522844	1135925
522868	1135949
523603	1137025
526343	1139805
526564	1140047
528700	1143372
531107	1148565
531274	1149457
531383	1149566
531773	1149956
532008	1150191
533262	1152528
533286	1152552
534136	1153402
535463	1155021
535594	1155152
536528	1156163
537324	1157114
537609	1157399
539220	1160328
539508	1160616
540240	1161458
546640	1167863
552908	1174131
553879	1175102
554173	1175396
558525	1179748
559253	1180476
559280	1180503
560029	1181813
560099	1181883
562441	1185610
562849	1186433
563493	1187120
563951	1190767
564821	1191757
565409	1192788
565428	1192807
566550	1194176
566914	1194540
567333	1195168
567366	1195201
567944	1195816
568635	1196822
568690	1196877
568878	1197065
570452	1199263
570997	1199808
571140	1199951
571745	1200556
572120	1200931
577253	1209974
577902	1210623
578135	1210875
578233	1210973
579422	1212162
583645	1216385
583686	1216426
583799	1216539
583953	1216693
584781	1217859
585069	1218212
586257	1220601
588082	1224977
589398	1226293
589418	1226313
589535	1226430
590766	1228583
591022	1228960
591848	1229837
591855	1229844
596108	1237706
596497	1238168
596549	1238220
596631	1238302
601024	1243517
604271	1247047
612569	1256907
615970	1261608
616802	1262628
619768	1266047
620937	1267349
621488	1268263
622548	1269534
622565	1269551
623857	1270953
624196	1271331
625121	1272753
626169	1273801
627511	1275143
629448	1279455
629613	1279620
629766	1279773
631351	1281358
631781	1281788
632129	1282136
632156	1282163
632158	1282165
634391	1287813
636699	1290922
636900	1291185
637077	1291365
637826	1292114
638634	1293373
638698	1293437
638987	1293726
639221	1293960
639865	1294604
639915	1294654
644567	1300830
645492	1302323
645508	1302900
646543	1304177
647076	1304844
647497	1305265
648032	1305953
648572	1306493
652225	1310604
652251	1310630
654764	1313676
655152	1314779
659015	1322131
662609	1327915
663231	1328971
663254	1328994
664543	1330426
664974	1331258
665693	1331977
665954	1332238
668692	1336015
668874	1336208
669479	1336859
669943	1337686
670318	1338062
670361	1338137
671391	1339182
671647	1339438
673003	1342765
674353	1344720
676200	1346884
676859	1347576
676867	1347584
680109	1351497
681438	1352826
681522	1352910
681963	1353351
684596	1356638
685085	1357127
685576	1357618
685990	1358032
686179	1358221
687333	1359375
687583	1359625
689570	1361612
689646	1361688
691081	1363123
691190	1363232
691741	1364360
694160	1367181
694644	1367665
695765	1368786
696143	1369419
696445	1369780
696619	1369954
699010	1373856
700322	1375198
705058	1380667
705224	1380833
705385	1381284
712231	1390441
712690	1390900
717015	1395645
718521	1397243
721148	1400052
721328	1400390
721675	1400824
723642	1402978
724509	1407096
733232	1418375
733832	1419064
734409	1419783
735754	1421528
736341	1422133
739051	1425603
739092	1425644
739928	1426658
740081	1426811
740533	1427406
740562	1427435
741949	1428822
746701	1436693
746940	1436932
746980	1436972
748756	1439829
751791	1443564
752259	1444064
752368	1444173
753811	1446361
753890	1446609
755281	1448329
756274	1449638
760238	1454293
760273	1454328
760989	1455117
763038	1459016
767235	1463775
768186	1464878
768306	1464998
768994	1465966
770623	1467875
771112	1468490
771745	1469240
775400	1473655
775437	1473692
775584	1473839
776254	1474673
777350	1476141
778553	1477766
778613	1477826
778672	1477885
778974	1478187
779438	1478651
780549	1480055
782796	1482775
784448	1484785
785191	1485650
785459	1485918
785472	1486065
786888	1490130
788555	1491837
789550	1492987
789563	1493000
792728	1499185
794400	1500928
794911	1501807
795769	1502712
797325	1504590
797941	1507492
798332	1507883
799843	1509440
802239	1512051
803268	1513080
803289	1513101
803462	1513274
804766	1514744
804881	1514938
808828	1519268
809050	1519494
809975	1520915
810380	1521324
810397	1521341
810654	1521598
810825	1521769
818571	1533268
819234	1533957
819373	1534096
820271	1534994
821652	1536661
823298	1538600
824693	1542479
825552	1543585
827512	1545565
827919	1545972
829128	1547359
831321	1549911
832552	1551392
833400	1552378
833667	1552658
835782	1555484
837199	1557756
837516	1558089
837772	1558345
840091	1565553
841007	1566563
841462	1567348
844388	1570766
845225	1571790
845678	1572243
845763	1572328
846405	1573089
847123	1574099
847294	1574270
847700	1574753
848286	1575348
849182	1576387
849224	1576429
849402	1576607
849753	1576958
850606	1578830
851395	1579655
851568	1579828
857797	1588615
857996	1588814
860283	1591624
861077	1592696
861231	1592850
861535	1593182
863443	1595492
863495	1595544
863530	1595579
863735	1595784
864520	1596569
864640	1596689
869431	1615535
869721	1616062
873226	1620197
874733	1622621
875251	1623256
875274	1623279
876852	1625187
877915	1626388
878149	1626622
879659	1630203
882330	1633164
883465	1638914
883970	1640200
884142	1640372
885850	1642080
886923	1644352
889048	1647161
891079	1649444
891664	1650223
892070	1650629
893501	1652784
893647	1652930
893674	1655028
894491	1655961
896715	1658572
898620	1660769
898630	1660779
901865	1665411
905055	1669205
906756	1671545
907633	1673421
907700	1673488
909783	1675852
911407	1677840
913831	1680686
913910	1680771
915503	1682755
916229	1683663
917668	1685518
918740	1686768
921463	1689904
921570	1690011
921671	1690112
922822	1691726
923440	1692344
924003	1692907
924346	1693250
924416	1693320
924469	1693373
928428	1698674
928833	1699772
928938	1700153
929360	1700595
929746	1700981
933368	1707185
936857	1712310
937250	1712703
939469	1715787
944076	1721009
944110	1721048
944192	1721140
945670	1722840
945671	1722841
945899	1723422
946662	1724471
946704	1724743
948316	1726667
949351	1727712
950436	1728986
952556	1731329
956338	1735412
956923	1736034
956980	1736091
957075	1736186
957078	1736189
957586	1737016
959064	1738712
959092	1738740
959427	1739153
960705	1741038
961868	1742732
963015	1744515
968832	1751700
969160	1752054
969971	1752903
974729	1758371
975363	1759117
976160	1759932
976707	1760479
985057	1769598
986227	1770932
987103	1771808
987141	1771846
991330	1776863
992116	1777803
995106	1781178
996375	1782447
996428	1782500
996476	1782548
1002021	1790158
1004902	1793496
1007158	1795981
1007857	1799677
1010148	1802449
-1010994	1804911
-1011028	1804877
1012484	1805523
1014551	1807625
1014611	1807685
1016620	1809720
1019093	1812693
1023118	1818151
1030455	1835242
1031233	1836062
1031687	1836522
1031745	1836580
1031855	1836690
1032571	1837679
1033584	1838930
1034955	1840715
1035137	1840897
1035342	1841102
1035348	1841108
1035700	1841460
1036577	1843323
1040021	1847237
1040938	1848154
1041385	1848601
1041479	1848695
1041646	1848862
1042408	1849647
1043851	1851909
1045455	1854166
1045488	1854199
1046045	1854756
1046386	1855185
1047768	1856780
1048194	1857798
1052590	1862817
1053168	1863503
1057638	1869465
1060926	1873843
1061695	1875040
1062410	1875852
1062894	1876436
1063185	1876806
1066100	1880212
1068593	1883922
1069923	1885449
1072183	1892570
1072813	1893294
1072981	1893462
1073037	1893518
1073476	1893990
1075316	1896441
1075491	1896616
1076166	1897467
1080593	1902489
1083542	1905869
1084969	1909329
1087824	1912480
1087897	1912553
1088979	1914050
1090806	1916099
1090807	1916100
1091448	1916746
1092292	1917937
1093083	1918742
1093834	1919493
1094590	1920667
1095893	1922233
1097616	1927841
1099403	1929862
1100515	1931032
1103234	1933880
1107413	1939303
1108575	1941673
1109324	1942444
1111800	1945473
1111897	1945613
1114133	1948340
1115184	1949495
1115661	1950667
1115780	1950786
1116210	1951535
1116907	1952270
1119401	1955410
1120486	1956713
1120591	1956818
1120657	1956884
1122633	1958915
1122723	1959091
1123215	1959613
1123901	1960357
1124323	1960806
1125065	1961604
1126232	1962785
1127791	1964518
1129303	1966662
1130852	1968430
1131049	1968721
1131436	1969120
1132281	1970028
1132407	1971174
1132476	1971243
1134738	1974523
1134752	1974537
1138198	1978876
1138773	1979638
1143989	1988020
1144059	1988096
1148764	1997649
1149176	1998061
1150042	1998927
1150053	1998938
1153544	2005128
1156078	2008324
1157281	2009808
1157304	2009831
1157551	2010078
1157766	2010293
1158699	2011448
1158990	2012201
1159288	2012503
1159483	2012698
1159934	2013182
1161772	2016398
1162465	2017169
1162973	2017686
1164656	2020712
1164696	2020752
1166360	2022473
1173079	2031973
1173221	2032115
1177121	2037494
1177153	2037526
1179802	2040431
1179814	2040443
1184836	2045943
1184890	2045997
1185189	2046635
1185341	2046788
1187363	2049144
1187820	2049601
1188128	2050231
1188174	2050277
1192074	2054817
1194783	2057902
1194954	2058102
1195566	2058937
1198634	2062115
1198967	2062448
1199353	2062834
1199805	2063286
1200490	2064638
1200504	2064652
1200625	2065300
1201323	2066083
1202132	2066991
1202237	2067096
1202303	2067162
1207309	2072168
1208020	2072879
1208898	2073757
1211352	2076211
1212601	2077986
1215733	2081608
1215797	2081676
1216889	2082851
1218217	2084305
1218793	2085031
1221119	2087652
1221165	2087698
1223203	2091672
1227524	2096532
1229597	2099480
1230184	2100500
1230379	2100695
1231736	2102449
1232600	2103648
1232623	2103671
1235250	2107077
1236232	2108385
1237748	2110167
1239067	2112066
1239291	2112290
1239443	2112442
1240328	2113327
1240968	2113967
1242113	2115855
1243447	2118350
1243548	2118451
1243803	2118773
1244770	2119865
1246228	2121401
1246313	2121486
1246948	2122354
1247568	2122974
1248182	2123588
1248379	2123785
1249018	2124592
1252327	2127999
1256193	2132870
1256229	2132911
1256234	2132916
1257589	2134543
1257809	2134763
1258604	2135728
1259732	2137225
1259751	2137244
1262163	2140386
1263246	2141894
1263258	2141906
1263712	2142392
1265369	2144221
1266750	2145602
1269255	2148487
1269562	2148794
1270239	2149605
1272253	2152183
1272793	2152828
1273094	2153129
1273482	2153981
1274906	2155627
1276362	2157552
1277360	2158550
1277530	2158720
1280102	2164192
1284070	2170149
1285342	2171598
1287278	2176051
1287588	2176361
1289609	2178382
1292139	2180912
1293958	2182731
1294329	2183102
1297141	2185914
1297937	2196182
1297974	2196219
1298069	2196314
1299199	2197444
1301836	2200081
1302968	2201213
1303278	2201523
1305299	2203544
1307831	2206076
1309650	2207895
1310021	2208266
1312833	2211078
1313625	2211870
1313662	2211907
1313757	2212002
1314883	2213128
1318316	2218315
1322001	2223164
1324287	2225727
1324717	2226157
1324791	2226384
1325734	2227353
1325955	2227574
1326047	2227666
1327028	2228647
1327252	2228871
1327290	2228909
1327768	2229387
1328110	2229729
1328154	2229773
1329593	2231815
1329944	2232174
1330929	2233288
1331339	2233698
1331437	2233796
1331869	2234228
1334344	2236703
1334498	2236857
1335078	2237437
1336474	2239548
1337093	2240283
1337520	2240710
1339475	2243181
1339982	2243688
1341654	2245886
1342006	2246238
1342393	2246679
1344401	2248927
1346510	2251471
1353278	2259510
1353761	2260056
1355464	2261759
1355474	2261769
1357088	2263383
1357545	2263840
1360271	2267855
1360466	2268050
1361031	2268657
1361100	2268919
1361953	2269821
1362415	2270850
1362856	2271291
1363778	2272670
1364964	2274063
1366965	2276452
1368389	2278119
1369490	2279281
1370029	2279820
1372177	2282523
1372704	2283171
1375188	2285675
1375249	2285736
1375936	2286423
1376494	2287159
1376688	2287353
1377720	2291844
1377780	2292069
1378049	2292432
1378072	2292455
1381206	2296178
1383264	2298236
1384675	2299647
1385458	2303316
1386447	2304412
1386830	2304934
1390484	2311469
1391086	2313056
1392297	2314758
1393726	2316736
1394134	2317271
1395000	2318137
1396669	2320112
1398613	2322699
1399651	2323763
1405776	2332155
1406846	2333376
1406968	2333498
1407073	2333603
1407359	2333889
1407398	2333928
1408101	2334631
1408390	2335095
1408404	2335109
1415682	2346199
1416436	2346999
1417155	2347834
1417169	2347848
1420779	2351925
1422220	2354122
1423146	2355964
1434807	2369411
1434935	2369539
1438793	2374970
1438805	2375042
1443565	2379876
1443706	2380017
1444434	2381159
1451020	2389051
1453750	2392826
1453779	2393524
1458345	2402904
1463233	2408277
1467613	2417650
1467780	2417914
1468120	2418285
1468773	2419031
1469121	2419588
1469391	2419864
1469981	2420729
1474597	2427659
1477496	2430968
1478231	2431806
1478788	2432485
1478935	2432684
1479396	2433196
1481276	2435514
1481798	2436083
1482527	2437172
1483962	2438880
1484683	2439601
1484904	2440091
1485583	2440776
1486993	2442380
1487628	2443015
1491717	2448299
1491747	2448329
1492150	2448891
1496144	2453666
1497951	2455917
1498489	2456589
1500128	2458398
1504472	2463410
1507672	2467260
1509193	2468947
1512540	2472844
1514369	2475922
1516598	2478473
1518911	2481319
1521480	2489343
1523313	2491575
1524771	2493291
1525888	2494599
1526513	2495336
1526734	2495557
1527079	2495902
1529116	2498438
1529360	2498682
1531711	2501377
1532495	2502188
1532792	2502604
1537311	2507940
1537726	2508379
1539272	2510261
1540784	2511781
1541717	2512714
1541754	2512751
1541833	2512830
1542120	2513117
1543542	2514749
1544576	2515797
1545123	2516344
1548584	2520366
1550553	2522335
1550557	2522339
1551767	2523549
1556180	2528466
1556705	2528991
1556746	2529032
1557349	2530162
1557973	2530896
1568810	2542852
1570131	2544638
1574582	2549990
1577059	2552619
1578124	2553955
1578787	2554633
1579307	2555362
1579688	2555960
1580166	2556527
-1582657	2559710
1583174	2560160
1585807	2563289
1587089	2564736
1587524	2565410
1588498	2566716
1592756	2571531
1592868	2571687
1593217	2572040
1594933	2574121
1595137	2574325
1595279	2574531
1595307	2574559
1598039	2577378
1598390	2577729
1600332	2579671
1600491	2579830
1600514	2579853
1600991	2580330
1601377	2580716
1602139	2581478
1602446	2581785
1602907	2582246
1604109	2583777
1604720	2584420
1606348	2586283
1610609	2591417
1617768	2600007
1621091	2603412
1622965	2605676
1623053	2605764
1623060	2605771
1623315	2606121
1625565	2608783
1625583	2608801
1626503	2609799
1626985	2610294
1627922	2611526
1628470	2612199
1628771	2612509
1630792	2615634
1631327	2616183
1634257	2620234
1634969	2621009
1635875	2621933
1636160	2622297
1637890	2624382
1638280	2624857
1639405	2626080
1641229	2628107
1642406	2629559
1642494	2629647
1644690	2632142
1645293	2632745
1646147	2633786
1647592	2635809
1648307	2636570
1648338	2636601
1651543	2640123
1656374	2644954
1658137	2646717
1658165	2646745
1658388	2646968
1660905	2649485
1664315	2661355
1664654	2661694
1665727	2666315
1667486	2668164
1667514	2668192
1669281	2670195
1669894	2671006
1670685	2671965
1672473	2674277
1674641	2677106
1678077	2681128
1678123	2681180
1682130	2686328
1682548	2686790
1687054	2692765
1689599	2695598
1691444	2697731
1692013	2698491
1694425	2701387
1694430	2701392
1696161	2703520
1696206	2703565
1697232	2704699
1702726	2710649
1707356	2715287
1708043	2715974
1708546	2716477
1709214	2717162
1711259	2719560
1712403	2721080
1717750	2727232
1718286	2727768
1719916	2729757
1720633	2730696
1722081	2732561
1724462	2734942
1731307	2743754
1732202	2744693
1733792	2746979
1733829	2747050
1737954	2751821
1742305	2756639
1742753	2757094
1744319	2759538
1747370	2762954
1749540	2765523
1749547	2765530
1749558	2765541
1751396	2767691
1752432	2768748
1752446	2768762
1753787	2770318
1753850	2770381
1755259	2772062
1756468	2773384
1758919	2776039
1759900	2777186
1761073	2778465
1762768	2780756
1763463	2781472
1767051	2786723
1769730	2789715
1769817	2789868
1770549	2790706
1771034	2791286
1772870	2793193
1774166	2794708
1774315	2794857
1774318	2794860
1776221	2796856
1776428	2797063
1776585	2797309
1776831	2797560
1777071	2797800
1779587	2800655
1781703	2803457
1782713	2804541
1785850	2808785
1794567	2818682
1794656	2818771
1803871	2829660
1804623	2830420
1804865	2830892
1804958	2830985
1805943	2832162
1809226	2836364
1812406	2840237
1812425	2840256
1812751	2840582
1814218	2842436
1817908	2846839
1819246	2848261
1821780	2851416
1822643	2852677
1823108	2853151
1823621	2853960
1823656	2853995
1825470	2856104
1827738	2858593
1828009	2859304
1829860	2861298
1832014	2864008
1833213	2865291
1833725	2865803
1834438	2866516
1835249	2871335
1836015	2872141
1843375	2881712
1853468	2893172
1854001	2893763
1854363	2894152
1855083	2894967
1857093	2897335
1858447	2902376
1858566	2902495
1860969	2905419
1861026	2905476
1865469	2911462
1865481	2911474
1865535	2911528
1867944	2914653
1867991	2914700
1868894	2916146
1871704	2919705
1872176	2920306
1873631	2922189
1877625	2927377
1877626	2927378
1877669	2927421
1878434	2928186
1879279	2929031
1880219	2930476
1883797	2934861
1884988	2936935
1885547	2937940
1889106	2942099
1894232	2950883
1894233	2950884
1894693	2951344
1894861	2951512
1895408	2952059
1895422	2952073
1896463	2954266
1903134	2962338
1903141	2962345
1906199	2966539
1911087	2972875
1911243	2973031
1911417	2973205
1912046	2973834
1912757	2974545
1917063	2979885
1917281	2980103
1917690	2980961
1920143	2983902
1920399	2984158
1922004	2986783
1923764	2989008
1924759	2990139
1925436	2990947
1925853	2991428
1934082	3000223
1934118	3000259
1941354	3008916
1942192	3009932
1942219	3009959
1943876	3012123
1944243	3012606
1946179	3015121
1948471	3017953
1950306	3020028
1951321	3022545
1953621	3026663
1953693	3026735
1956552	3030222
1959193	3033241
1961264	3035599
1963288	3037811
1965371	3040133
1968232	3043635
1970787	3046404
1970964	3046581
1972069	3047686
1972127	3047744
1975165	3050782
1976752	3052504
1979026	3054778
1979084	3054836
1979942	3055694
1984140	3063963
1986803	3066779
1991096	3071805
1991134	3071843
1992528	3073237
1993609	3074806
1994392	3075757
1994861	3076315
1995156	3076610
1995785	3077310
1997467	3079253
1999757	3081902
1999827	3081972
