1	c
1
2869
3279
4103
4302
4315
5095
6504
8029
11367
13303
13339
13376
15619
16057
16087
17088
17744
18391
18516
19985
22675
22723
24998
25980
26071
26477
27825
29918
30400
31201
31500
32338
32680
39939
40287
40329
40386
40553
43115
43211
43245
43637
43788
43946
46661
48750
50318
51362
51431
52572
52961
53107
53276
55428
58140
58235
58529
58619
59844
60551
61464
62807
62816
63593
63620
64800
67661
68521
69238
69556
71218
71373
72411
73231
73998
78944
78972
79063
79875
79964
80109
82641
83141
84133
84140
84420
84491
84778
85136
85741
85804
89926
91576
92212
93196
93621
94371
94602
95228
95551
96082
96100
96204
96388
96481
98887
99056
103965
104059
104636
105120
106825
106949
106984
107284
108240
108363
108398
108707
109046
109195
109340
110341
110383
110497
111067
112063
113223
118460
120036
123908
123976
124504
125161
126294
126468
126840
129040
129082
129554
130507
131774
135395
135432
141799
142394
142425
146637
148531
149019
150862
150869
152350
152763
153268
153358
153495
153719
153758
153996
154284
155823
156510
156938
158261
159294
159404
159956
160823
163642
164792
169512
171251
171275
171635
172137
175728
176455
178000
178978
179047
180319
181273
181992
185003
185892
185942
186946
187005
187268
191421
192186
195895
196292
197918
198404
200017
200556
206533
207230
213406
215514
216981
217008
217531
218311
218654
222432
229204
230500
231889
231920
232312
232368
232735
233037
234644
234754
234909
235093
235358
239325
239639
240150
240859
241404
241424
243940
243951
243990
246774
246869
247450
247474
248117
248137
250353
252481
253424
254903
256367
257522
257990
257997
258050
260052
260073
260134
261295
262693
262893
266149
273115
273217
273376
274315
275205
275467
275472
280360
280365
283561
283589
284232
287724
287744
289213
290584
293339
294601
295675
297526
300093
302877
304264
306636
310473
311677
311706
311922
314022
318201
320577
322405
323216
324939
325921
325935
328690
333457
333523
338778
338807
339885
343228
344479
345567
345688
346832
346851
349241
350683
351237
352444
353591
355254
355980
356875
358450
360011
360083
360878
361781
363073
365412
371163
373177
374122
375187
375565
381068
381860
381871
383711
384591
386105
386646
386923
391966
392667
393065
393745
399097
399191
399213
401079
403303
405852
406898
407115
416027
416177
417939
418794
420547
421773
422322
426476
428423
429344
430447
431651
432330
432600
432727
435409
435812
435829
437086
437574
439072
440009
442903
443707
444445
444665
451179
455520
455871
461325
461660
462044
465730
466090
466212
466323
466757
467709
470339
470616
472383
473969
474095
474937
475149
475163
475228
478748
479493
480233
480834
481769
483236
483298
489357
489639
490015
490362
490549
490567
490709
490755
493977
496704
499093
499179
499537
499775
500315
502542
505083
505261
505433
505505
505661
508029
508133
508456
508473
511099
511291
511848
512930
513341
513686
516628
516983
517516
518709
519521
519942
519951
520001
520240
522584
522644
523392
526283
526480
527883
530809
531078
531291
531727
531865
533013
533070
533470
535369
535547
536326
537225
537469
539131
539287
539319
539776
552744
553083
553974
558308
558609
559250
559981
559995
562364
562785
563451
563851
564562
565331
565410
566424
566614
567074
567334
567895
568170
568424
568784
569604
570884
571044
571141
571747
577053
577391
578004
578136
579145
583501
583650
583687
583770
584488
585000
586191
588019
588109
589298
589395
590670
590974
591669
591806
596019
596400
596486
596498
600733
604115
612499
615803
616666
619572
620649
621353
622486
622549
623301
624090
624937
625908
626701
629165
629248
629704
631087
631587
631835
631947
631983
634328
636630
636723
636906
637565
638392
638434
638908
638996
639215
639869
643884
645229
645429
646308
647013
647023
647106
647792
651759
652025
654506
655110
658833
662207
663091
663094
664461
664883
665653
665694
668331
668811
669193
669873
670028
670079
671285
671534
672379
674156
675985
676767
676829
678085
681125
681437
681752
684472
684963
685059
685749
685991
686180
687444
688423
689569
690883
691091
691542
693893
694186
695346
696092
696385
696446
698783
700060
704934
705027
705221
712064
712214
716922
718322
721004
721149
721474
722140
724469
733171
733794
734355
735733
736087
738814
738855
739062
739925
740369
740534
740559
746636
746819
746943
748678
750890
752190
752206
753486
753770
755208
756006
759984
760016
760756
762872
767085
767928
768200
768931
770549
770886
771719
772757
775225
775401
775536
775848
777275
778315
778354
778929
779402
780519
782556
784342
785111
785240
785376
786794
788205
789421
789481
792631
793953
794843
795624
797152
797876
798216
799234
801921
803013
803269
803419
804546
804801
808776
808791
809779
810300
810378
810398
810769
818344
818960
819258
820084
821181
823171
824651
825458
827130
827883
829089
831235
832497
833182
833545
835341
837142
837418
837526
840057
840793
841381
844118
845172
845341
845682
845762
847103
847124
847495
847758
849131
849139
849235
849521
850478
850930
851432
857505
857799
860230
861037
861136
861455
863338
863438
863496
863497
863536
864518
869356
869661
873166
874678
874934
875130
876633
877798
877818
879536
880891
883008
883904
883914
885609
886853
888935
890838
891594
891664
893289
893423
893447
894387
896625
898350
898565
901787
904752
906498
907511
907555
909499
911238
913615
913857
915217
915980
917631
918452
921312
921501
921590
922774
923192
923778
924001
924347
924406
928295
928720
928849
929323
929680
933172
935908
936743
937130
939353
943815
944085
945637
945642
945787
946367
946370
948208
949137
950326
952336
956284
956670
956942
956967
956979
957496
958814
958871
959166
960592
961646
962926
968704
968931
969766
974660
975294
975963
976255
984873
986012
986895
987104
990855
991647
994993
996115
996385
996430
1001858
1004652
1006951
1007791
1009931
1010781
1010999
1012444
1014327
1014352
1016480
1018963
1023075
1030419
1030962
1031540
1031689
1031820
1032504
1033502
1034905
1034954
1035295
1035296
1035609
1036430
1039900
1040435
1040755
1040930
1041431
1041961
1043717
1044984
1045006
1045791
1046266
1047727
1048105
1052508
1053126
1057525
1060705
1061650
1062334
1062800
1063116
1065910
1068431
1069698
1071985
1072737
1072812
1072984
1073420
1075107
1075386
1076053
1080066
1083482
1084615
1087710
1087724
1088847
1090562
1090594
1091407
1092227
1092835
1093109
1094401
1095625
1097541
1099359
1100292
1101789
1107334
1108347
1109036
1111320
1111473
1114031
1115147
1115629
1115653
1116094
1116840
1119239
1120379
1120484
1120593
1122091
1122609
1123176
1123638
1124289
1124589
1125446
1127695
1129228
1130530
1130855
1131379
1131908
1132306
1132429
1134471
1134714
1137749
1138536
1143922
1143980
1148469
1149081
1149778
1150011
1153424
1156020
1157204
1157292
1157526
1157552
1158486
1158907
1159214
1159225
1159519
1161573
1162392
1162879
1164396
1164399
1166119
1172897
1173075
1176857
1176858
1179516
1179542
1184609
1184803
1184893
1185290
1187261
1187399
1188048
1188128
1191992
1194688
1194889
1195514
1198567
1198706
1199032
1199353
1200356
1200374
1200580
1201018
1202090
1202126
1202238
1203183
1207324
1208020
1211061
1212433
1215516
1215539
1216841
1217890
1218676
1221100
1221120
1223125
1227338
1229386
1230108
1230120
1231383
1232458
1232473
1235181
1236134
1237517
1238867
1239076
1239156
1239358
1240412
1241832
1242959
1243444
1243722
1244601
1245954
1246229
1246766
1247364
1248105
1248226
1248802
1252091
1256172
1256194
1256196
1257552
1257590
1258468
1259586
1259614
1262041
1263202
1263247
1263476
1264878
1266520
1269088
1269460
1269903
1272238
1272707
1272920
1273405
1274851
1276275
1277086
1277462
1279550
1282837
1285271
1286811
1287328
1289520
1291919
1293807
1293959
1297055
1297865
1297954
1298002
1298970
1301790
1302501
1303018
1305210
1307611
1309499
1309651
1312747
1313553
1313642
1313690
1314654
1318054
1321944
1323985
1324038
1324718
1325514
1325624
1325757
1326959
1327000
1327029
1327633
1327764
1328115
1329511
1329891
1330802
1331028
1331351
1331423
1331870
1332998
1334499
1336206
1336940
1337220
1339425
1339723
1341404
1341843
1342359
1344185
1346211
1353007
1353659
1354553
1355434
1355492
1357080
1360197
1360206
1360863
1361038
1361830
1362368
1362740
1363514
1364719
1366913
1368306
1369244
1369527
1371679
1372444
1374937
1375198
1375852
1376413
1376463
1377461
1377736
1377966
1377976
1381151
1383163
1384418
1385418
1386153
1386633
1390356
1390826
1392246
1393431
1393970
1394026
1396617
1398456
1399511
1405672
1406327
1406428
1406846
1406940
1407117
1407136
1408303
1408328
1415430
1416203
1416991
1417018
1420541
1422098
1422962
1434045
1434762
1438711
1438721
1443191
1443580
1444281
1450706
1453533
1453626
1458201
1462891
1467468
1467723
1468055
1468651
1469007
1469345
1469935
1474521
1477439
1478081
1478697
1478887
1479191
1481054
1481556
1482369
1483604
1484501
1484766
1485415
1486898
1487567
1491276
1491439
1491455
1491932
1495901
1497711
1499961
1504292
1507529
1509075
1512447
1513905
1516344
1518767
1521398
1523202
1524538
1525831
1526248
1526515
1526988
1528716
1529250
1531428
1532446
1532706
1537045
1537650
1538950
1540049
1541679
1541718
1541753
1542074
1543498
1544317
1544950
1546639
1547688
1550244
1550283
1556131
1556461
1556473
1557209
1557832
1568697
1570063
1574503
1577024
1577961
1578744
1579049
1579631
1580094
1582576
1583110
1585771
1586870
1587446
1588446
1592671
1592817
1593156
1594827
1594932
1595147
1595280
1597985
1598303
1600122
1600352
1600416
1600929
1600991
1601445
1602131
1602425
1603992
1604626
1606313
1609665
1617716
1620874
1622926
1622969
1623030
1623061
1625379
1625504
1626444
1626889
1627869
1628313
1628721
1630737
1631062
1634110
1634914
1635804
1636127
1637805
1638194
1639350
1641046
1642136
1642408
1643913
1644875
1645844
1647349
1648060
1648308
1651488
1656247
1657974
1658121
1658272
1660850
1664161
1664524
1665637
1667323
1667470
1669098
1669820
1670653
1672389
1674599
1677854
1678085
1682064
1682441
1686896
1689541
1691183
1691958
1694349
1694389
1696149
1696162
1697192
1701470
1707284
1707595
1708409
1708547
1711131
1712162
1717722
1718045
1719805
1720582
1722049
1724411
1730993
1732135
1733699
1733793
1737871
1742218
1742687
1744131
1747116
1748297
1749424
1749456
1749548
1751279
1752154
1752172
1753354
1753784
1756397
1758670
1759846
1760918
1762567
1763216
1766807
1769585
1769788
1770501
1770842
1772774
1774046
1774059
1774089
1775993
1776380
1776542
1776794
1776832
1779122
1781608
1782638
1785753
1794504
1794566
1803816
1804522
1804796
1804879
1805845
1809189
1812363
1812407
1812493
1813958
1817676
1819097
1821738
1822561
1822984
1823426
1823630
1825323
1826620
1827721
1829527
1831776
1833041
1833275
1833827
1834997
1835978
1843274
1853011
1853898
1854323
1854978
1856887
1858413
1858441
1860931
1860970
1865404
1865470
1865495
1867787
1867944
1868718
1871634
1872032
1873412
1877488
1877509
1877622
1877660
1879146
1879999
1883621
1884906
1885411
1888995
1894198
1894204
1894559
1894694
1894928
1895298
1896275
1902657
1902763
1906067
1910982
1911178
1911361
1911429
1912681
1916934
1917122
1917516
1918959
1919811
1921737
1923623
1924622
1925164
1925801
1933817
1933836
1941185
1942123
1942185
1943730
1944122
1945877
1948425
1950077
1951135
1953536
1953621
1956474
1958039
1960982
1963202
1965271
1968082
1970733
1970873
1971969
1972069
1975015
1976678
1978926
1979026
1979678
1984105
1985364
1990851
1991091
1991105
1993188
1994254
1994651
1994895
1995540
1997381
1999718
1999764
