1	c
79
3011
3492
4182
4417
4445
5447
6650
8267
11465
13350
13459
13460
16055
16100
16218
17405
17970
18495
18572
20196
22858
22874
25764
26047
26289
26583
27876
32173
30702
31442
31840
32709
32736
39999
40328
40417
40441
41241
43215
43245
43636
43707
43854
44008
46916
49006
50458
51421
52172
52772
53072
53267
54017
55991
58204
58512
58619
59253
59887
60840
62187
62874
62881
63842
63878
65059
67790
68746
69554
69958
71318
71464
72754
73749
74149
79055
79066
79878
79963
79976
81178
82730
83892
84169
84184
84494
84547
85046
85282
86696
85877
90488
92059
93190
94346
93728
94490
94726
95505
95842
96186
96203
96457
96480
96496
99063
99129
104059
106822
105115
105252
106942
107006
107235
108237
108356
109045
108646
108825
109209
109338
109667
110382
110490
110632
111772
112205
113517
118685
120548
124002
124464
126192
125915
126379
126566
129043
129322
129355
129858
130548
132058
135701
135690
142131
142424
142517
146720
148584
154586
150914
150918
152768
153292
153349
153454
153715
153984
154020
154244
154541
155957
156781
157864
158747
159942
159800
160014
161262
164126
164973
169575
171472
171535
171829
172188
175848
176705
178226
179050
179153
180371
181467
182084
185083
185941
186201
186988
187155
187329
191866
192244
196033
196402
198400
199555
200555
200617
206973
207274
213483
215740
217198
217258
217857
218450
219190
222675
229368
230650
232067
232076
232369
234643
233059
233179
234745
234860
235084
235190
236787
239489
240152
240214
240893
247790
241644
244030
243989
244259
247980
247475
247473
247753
248136
248173
250387
252687
253486
255097
256487
257993
258048
258051
258241
260133
260161
260147
261394
262949
262959
266593
273223
273340
273502
274403
275456
275502
275634
280403
280551
283588
283843
284352
288010
287991
289303
290734
293423
294674
295708
297789
300393
303287
304334
306673
310729
311737
312284
312163
314272
318280
320695
322755
323419
324975
325996
327645
330577
333747
333960
338808
338837
340151
343389
344682
345687
345769
347010
347094
349301
350904
351331
352720
353823
355288
356021
356943
359956
360109
360595
361123
361945
363343
365672
371288
373242
374180
375424
376686
381097
381935
382130
383947
384693
386202
386922
386957
392237
392855
393163
394044
399177
399310
399422
401285
403454
406114
406946
407184
416167
416263
418439
418840
420617
421919
422434
426574
428675
429954
430780
431707
432568
432649
433194
435475
435828
435953
437286
437662
439211
440052
442937
443953
444522
444751
451227
455563
456336
461509
461829
462096
465819
466206
466338
466489
466905
467829
470429
470660
472819
474096
474400
475800
475211
475239
475313
478897
479668
480578
481093
482143
483298
483342
489635
489718
494419
490394
490715
490703
490751
493977
494014
496896
499195
499259
499774
500036
500368
502752
505234
505455
505499
505635
505809
508138
508180
509361
508703
511286
511460
512900
513055
513477
513758
516915
517145
517777
518834
519580
520344
520027
520079
520359
522844
522868
523603
526343
526564
528700
531107
531274
531383
531773
532008
533262
533286
534136
535463
535594
536528
537324
537609
539220
546640
539508
540240
552908
553879
554173
558525
559253
559280
560029
560099
562441
562849
563493
563951
564821
565409
565428
566550
566914
567333
567366
567944
568690
568635
568878
570452
570997
571140
571745
572120
577253
577902
578135
578233
579422
583645
583686
583799
583953
584781
585069
586257
588082
589398
589418
589535
590766
591022
591848
591855
596108
596631
596497
596549
601024
604271
612569
615970
616802
619768
620937
621488
622548
622565
623857
624196
625121
626169
627511
629613
629448
629766
631351
631781
632129
632156
632158
634391
636699
636900
637077
637826
638634
638698
638987
639221
639865
639915
644567
645492
645508
646543
647076
648572
647497
648032
652225
652251
654764
655152
659015
662609
663231
663254
664543
664974
665693
665954
668692
668874
669479
669943
670318
670361
671391
671647
673003
674353
676200
676859
676867
680109
681438
681522
681963
684596
685085
685576
685990
686179
687333
687583
689570
689646
691081
691190
691741
694160
694644
695765
696143
696445
696619
699010
700322
705058
705224
705385
712231
712690
717015
718521
721148
721328
721675
723642
724509
733232
733832
734409
735754
736341
739051
739092
739928
740081
740533
740562
741949
746701
746940
746980
748756
751791
752259
752368
753811
753890
755281
756274
760238
760273
760989
763038
767235
768186
768306
768994
770623
771112
771745
778672
775400
775437
775584
776254
777350
778553
778613
778974
779438
780549
782796
784448
785191
785459
785472
786888
788555
789550
789563
792728
794400
794911
795769
797325
797941
798332
799843
802239
803268
803289
803462
804766
804881
808828
809050
809975
810380
810397
810654
810825
818571
819234
819373
820271
821652
823298
824693
825552
827512
827919
829128
831321
832552
833400
833667
835782
837199
837516
837772
840091
841007
841462
844388
845225
845678
845763
846405
847123
847294
847700
848286
849182
849224
849402
849753
850606
851395
851568
857797
857996
860283
861077
861231
861535
863443
863495
863530
864520
863735
864640
869431
869721
873226
874733
875251
875274
876852
877915
878149
879659
882330
883465
883970
884142
885850
886923
889048
891079
891664
892070
893501
893647
893674
894491
896715
898620
898630
901865
905055
906756
907700
907633
909783
911407
913831
913910
915503
916229
917668
918740
921463
921570
921671
922822
923440
924003
924346
924416
924469
928428
928833
928938
929360
929746
933368
944110
936857
937250
939469
944076
944192
945670
945671
945899
946662
946704
948316
949351
950436
952556
956338
956923
956980
957075
957078
957586
959064
959092
959427
960705
961868
963015
968832
969160
969971
974729
975363
976160
976707
985057
986227
987103
987141
991330
992116
995106
996375
996428
996476
1002021
1004902
1007158
1007857
1010148
1010994
1011028
1012484
1014551
1014611
1016620
1019093
1023118
1030455
1031233
1031687
1031745
1031855
1032571
1033584
1034955
1035137
1035342
1035348
1035700
1036577
1040021
1041646
1040938
1041385
1041479
1042408
1043851
1045488
1045455
1046045
1046386
1047768
1048194
1052590
1053168
1057638
1060926
1061695
1062410
1062894
1063185
1066100
1068593
1069923
1072183
1072813
1072981
1073037
1073476
1075316
1075491
1076166
1080593
1083542
1084969
1087897
1087824
1088979
1090806
1090807
1091448
1092292
1093083
1093834
1094590
1095893
1097616
1099403
1100515
1103234
1107413
1108575
1109324
1111897
1111800
1114133
1115184
1115661
1115780
1116210
1116907
1119401
1120486
1120591
1120657
1122633
1122723
1123215
1123901
1124323
1125065
1126232
1127791
1129303
1130852
1131049
1131436
1132281
1132407
1132476
1134738
1134752
1138198
1138773
1143989
1144059
1148764
1149176
1150042
1150053
1153544
1156078
1157281
1157304
1157551
1157766
1158699
1158990
1159288
1159483
1159934
1161772
1162465
1162973
1164656
1164696
1166360
1173079
1173221
1177121
1177153
1179814
1179802
1184836
1184890
1185189
1185341
1187363
1187820
1188128
1188174
1192074
1194783
1194954
1195566
1198634
1198967
1199353
1199805
1200504
1200490
1200625
1201323
1202132
1202237
1202303
1207309
1208020
1208898
1211352
1212601
1215733
1215797
1216889
1218217
1218793
1221119
1221165
1223203
1227524
1229597
1230184
1230379
1231736
1232600
1232623
1235250
1236232
1237748
1239067
1240328
1239291
1239443
1240968
1242113
1243447
1243548
1243803
1244770
1246228
1246313
1246948
1247568
1248182
1248379
1249018
1252327
1256193
1256229
1256234
1257589
1257809
1258604
1259732
1259751
1262163
1263246
1263258
1263712
1265369
1266750
1269255
1269562
1270239
1272253
1272793
1273094
1273482
1274906
1276362
1277360
1277530
1280102
1284070
1285342
1287278
1287588
1289609
1292139
1293958
1294329
1297141
1297937
1297974
1298069
1299199
1301836
1302968
1303278
1305299
1307831
1309650
1310021
1312833
1313625
1313662
1313757
1314883
1318316
1322001
1324717
1324287
1324791
1326047
1325734
1325955
1327252
1327028
1327290
1327768
1328110
1328154
1329593
1329944
1330929
1331339
1331437
1331869
1334498
1334344
1335078
1336474
1337093
1337520
1339475
1339982
1341654
1342006
1342393
1344401
1346510
1353278
1353761
1355464
1355474
1357088
1357545
1360271
1360466
1361031
1361100
1361953
1362415
1362856
1363778
1364964
1366965
1368389
1369490
1370029
1372177
1372704
1375188
1375249
1375936
1376494
1376688
1377720
1377780
1378049
1378072
1381206
1383264
1384675
1385458
1386447
1386830
1390484
1391086
1392297
1393726
1394134
1395000
1396669
1398613
1399651
1405776
1408101
1406846
1406968
1407073
1407359
1407398
1408390
1408404
1415682
1416436
1417169
1417155
1420779
1422220
1423146
1434807
1434935
1438793
1438805
1443565
1443706
1444434
1451020
1453750
1453779
1458345
1463233
1467613
1467780
1468120
1468773
1469121
1469391
1469981
1474597
1477496
1478231
1478788
1478935
1479396
1481276
1481798
1482527
1483962
1484683
1484904
1485583
1486993
1487628
1498489
1491747
1491717
1492150
1496144
1497951
1500128
1504472
1507672
1509193
1512540
1514369
1516598
1518911
1521480
1523313
1524771
1525888
1526513
1526734
1527079
1529116
1529360
1531711
1532495
1532792
1537311
1537726
1539272
1540784
1541717
1541754
1541833
1542120
1543542
1544576
1545123
1551767
1548584
1550553
1550557
1556180
1556746
1556705
1557349
1557973
1568810
1570131
1574582
1577059
1578124
1578787
1579307
1579688
1580166
1582657
1583174
1585807
1587089
1587524
1588498
1592756
1592868
1593217
1594933
1595137
1595279
1595307
1598039
1598390
1600332
1600491
1600514
1600991
1601377
1602139
1602446
1602907
1604109
1604720
1606348
1610609
1617768
1621091
1622965
1623053
1623060
1623315
1625565
1625583
1626503
1626985
1627922
1628470
1628771
1630792
1631327
1634257
1634969
1635875
1636160
1637890
1638280
1639405
1641229
1642406
1642494
1644690
1645293
1646147
1647592
1648307
1648338
1651543
1656374
1658137
1658165
1658388
1660905
1664315
1664654
1665727
1667486
1667514
1669281
1669894
1670685
1672473
1674641
1678077
1678123
1682130
1682548
1687054
1689599
1691444
1692013
1694425
1694430
1696161
1696206
1697232
1702726
1707356
1708043
1708546
1709214
1711259
1712403
1717750
1718286
1719916
1720633
1722081
1724462
1731307
1732202
1733792
1733829
1737954
1742305
1742753
1744319
1747370
1755259
1749540
1749547
1749558
1751396
1752446
1752432
1753787
1753850
1756468
1758919
1759900
1761073
1762768
1763463
1767051
1769730
1769817
1770549
1771034
1772870
1774166
1774315
1774318
1776221
1776428
1776585
1776831
1777071
1779587
1781703
1782713
1785850
1794567
1794656
1803871
1804623
1804865
1804958
1805943
1809226
1812406
1812425
1812751
1814218
1817908
1819246
1821780
1822643
1823108
1823621
1823656
1825470
1827738
1828009
1829860
1832014
1833213
1833725
1834438
1835249
1836015
1843375
1853468
1854001
1854363
1855083
1857093
1858447
1858566
1860969
1861026
1865469
1865481
1865535
1867944
1867991
1868894
1871704
1872176
1873631
1877625
1877626
1877669
1878434
1879279
1880219
1883797
1884988
1885547
1889106
1894232
1894233
1894693
1894861
1895408
1895422
1896463
1903134
1903141
1906199
1911087
1911243
1911417
1912046
1912757
1917063
1917281
1917690
1920143
1920399
1922004
1923764
1924759
1925436
1925853
1934118
1934082
1941354
1942192
1942219
1943876
1944243
1946179
1948471
1950306
1951321
1953621
1953693
1956552
1959193
1961264
1963288
1965371
1968232
1970787
1970964
1972069
1972127
1975165
1976752
1979026
1979084
1979942
1984140
1986803
1991096
1991134
1992528
1993609
1994392
1994861
1995156
1995785
1997467
1999757
1999827
