2 (source)	c
4351	943577
6504	945730
8155	950018
8930	951371
9792	953957
10381	954819
13385	961289
16959	968910
17008	968959
17158	969130
17923	970205
19009	971662
19712	972456
20116	973046
20781	977219
20911	977379
27441	993439
28403	994982
29226	997113
29888	998100
31740	1001467
32627	1003600
32640	1003613
32655	1003628
33184	1005236
33263	1005315
35802	1009693
36119	1010010
36293	1010184
37924	1014034
39303	1015413
39877	1015987
39889	1015999
40023	1016133
40102	1016212
40111	1016221
40690	1016800
41042	1017152
44507	1025030
45492	1026015
45656	1026549
46358	1027536
46731	1027909
47338	1028516
47634	1029111
47774	1029251
48000	1029477
53235	1040230
53257	1040252
58494	1051285
58553	1051344
61669	1055621
61890	1056251
62111	1056472
64557	1062256
64962	1062661
70697	1069140
71515	1070528
72214	1072280
74739	1075803
75070	1076134
75309	1076373
75382	1076446
76242	1078829
77742	1082790
81038	1087109
85314	1098494
87253	1110271
90342	1118727
91667	1120052
95099	1123484
95536	1123921
96325	1124710
96336	1124721
98070	1126673
99364	1128857
100053	1129546
103608	1136565
106611	1140041
109089	1144881
110548	1146340
111320	1147450
112447	1149566
114600	1154579
116357	1158495
117263	1159694
117855	1160636
118413	1181147
118661	1181395
119762	1184167
124621	1190117
124987	1190483
126158	1192360
127910	1198046
128908	1201352
129032	1201476
129171	1201615
134465	1207583
135588	1208706
135647	1208765
135779	1208897
135966	1209084
137075	1217026
137539	1217890
138817	1219867
139492	1220939
140246	1221693
140850	1222336
141437	1223188
142269	1227074
142741	1227653
143518	1228517
143599	1228674
143881	1229164
148929	1234826
151058	1237008
153427	1240384
159628	1249211
163681	1255772
165917	1258941
165923	1258947
167232	1260498
171066	1266170
172026	1267682
172478	1268269
172481	1268272
173525	1269532
174112	1270183
176164	1276109
176762	1276707
176926	1276871
178727	1278961
182897	1286745
185791	1290522
185798	1290529
186089	1290892
186472	1292259
192793	1301592
197700	1311069
197751	1311120
197802	1311171
200065	1313676
200580	1314334
200653	1314407
201237	1315133
201887	1315836
205113	1322344
205241	1322472
206071	1323640
206283	1323852
207290	1325369
208907	1328455
210363	1330753
211087	1332888
214680	1339756
216140	1341216
217959	1343964
218052	1344057
218932	1346843
218979	1346892
222668	1364542
224739	1368903
226202	1371226
229882	1377189
233056	1380578
233246	1380905
233647	1381308
235832	1383694
239747	1388118
244792	1395639
247261	1400172
251456	1406557
254601	1410041
254790	1410230
258826	1415607
259401	1416338
260884	1419327
261301	1419883
261588	1420242
263398	1422796
264897	1426886
265434	1429443
265789	1429798
266770	1431527
268657	1434087
268954	1435022
269574	1435642
269829	1435897
270046	1436114
270168	1436236
270804	1437349
272432	1440413
272483	1440464
274361	1444467
274810	1444916
275794	1446568
278960	1452417
281647	1456256
281743	1456352
282831	1457751
283196	1458116
287175	1465415
287732	1466074
288176	1466801
289134	1467919
289876	1469078
290603	1471327
291247	1472826
291980	1473967
291983	1473970
294889	1480024
301807	1489351
303452	1492608
305610	1495616
305968	1495974
306308	1496314
315486	1510372
317364	1515678
319331	1518389
321435	1520914
322185	1522794
323071	1523680
323238	1523847
323594	1524203
325127	1526027
325138	1526038
325287	1526187
329063	1533184
329618	1535494
333313	1541222
335176	1543587
339690	1552376
341616	1555891
346300	1561534
347994	1563228
350969	1566991
351307	1567347
352135	1568952
356162	1578657
361983	1585780
364379	1589549
364441	1589611
366855	1592748
367214	1593184
371250	1599004
372422	1600217
372718	1600573
372923	1600778
373547	1601690
376948	1605091
379030	1607173
380758	1608901
384545	1612973
386425	1615943
386964	1617283
390518	1621731
392678	1625191
395963	1629613
401306	1637367
402572	1639667
402605	1639700
403980	1643396
404331	1643747
404650	1644066
404936	1645084
406363	1646568
411235	1653900
411622	1654287
411984	1654649
418441	1664728
420784	1669800
423038	1672531
426133	1676921
426858	1678533
429000	1681249
435816	1690742
436401	1693736
436537	1693872
436858	1694193
436894	1694229
437687	1695607
437999	1695944
439224	1698837
440245	1699937
444311	1705480
444604	1705773
444642	1705811
445749	1707153
446585	1708279
446741	1708435
447425	1709252
448383	1710500
448786	1710903
449209	1711478
449843	1713002
450555	1713835
452739	1716390
453518	1717899
454201	1718712
456513	1721171
457496	1723052
457827	1723645
458582	1724675
458644	1724737
460663	1728181
466969	1736219
467717	1737014
469481	1740094
469589	1740202
470106	1741148
470965	1742129
475392	1748544
477980	1752046
479365	1754472
480511	1756318
481944	1758640
481963	1758659
482356	1759084
482451	1760781
494290	1777216
496802	1783634
496933	1783765
497803	1785020
498443	1786250
500158	1788218
500672	1789082
500683	1789093
501133	1789671
501590	1790837
503979	1794908
505363	3082924
505535	1803524
510456	1814035
510727	1814320
510750	1814343
510829	1814529
511579	1815330
512654	1816615
513128	1818337
513191	1818400
513850	1819059
514496	1819727
514946	1820277
516405	1822663
516485	1822743
520331	1826589
522618	1828876
523261	1829519
523546	1829804
524160	1830439
525048	1831631
526239	1833091
527524	1835034
527970	1835505
527983	1835518
529038	1838500
530929	1842013
531690	1843243
532576	1844247
534941	1849182
537830	1855178
542093	1862817
543085	1863985
544124	1865185
544376	1865522
545866	1867744
546507	1869429
547041	1870010
548689	1872124
550686	1874622
551098	1875041
551744	1876421
552747	1878030
552769	1878052
553695	1879510
555435	1882945
556183	1884156
556359	1884660
559206	1888386
561291	1890471
562869	1893136
563214	1893990
564330	1895990
571556	1906831
572016	1907427
572846	1908285
573377	1908820
573745	1910115
574238	1911493
575300	1913280
576376	1914894
577324	1916449
579729	1921375
582266	1924932
584408	1927179
584973	1927744
585068	1927876
585307	1928471
586185	1929858
588000	1935168
589885	1937662
591547	1939811
592071	1940335
592931	1941645
593340	1942457
597119	1949869
598021	1951147
599129	1952926
600622	1955243
600706	1955327
600779	1955438
603723	1964262
603916	1964632
604517	1966082
606803	1970370
607238	1970805
607687	1971257
610149	1974246
612479	1976954
615955	1981836
616703	1982584
618094	1984270
618267	1984491
621803	1989148
624118	1991916
625931	1993729
626132	1993932
627465	1995368
631513	2001597
632832	2003140
633290	2003598
633317	2003625
634170	2004478
634556	2004864
635077	2005593
639661	2011835
641336	2014349
641544	2014557
646118	2020309
647579	2022481
651933	2027039
652071	2027177
652113	2027219
655337	2032301
656917	2034313
657329	2034848
657797	2035316
666482	2046598
666661	2046792
670590	2057018
673961	2065167
675146	2076597
675479	2076949
676740	2078870
683350	2087723
683414	2087787
684421	2089088
684484	2089151
684598	2089265
685033	2089700
688476	2094281
689844	2095947
691036	2097659
691619	2098554
692097	2099878
692790	2100860
693786	2102495
699324	2111361
699341	2111378
700408	2114798
701559	2117075
701562	2117078
702008	2117524
703561	2121839
703575	2121853
713103	2136639
713147	2136683
714040	2137847
714126	2137933
717583	2142560
718628	2146182
721973	2153469
723567	2155764
724295	2156763
726987	2161787
727417	2162217
727478	2162278
728047	2162847
729576	2165273
729961	2166685
731135	2168248
734006	2172743
734018	2172755
735324	2174061
736044	2174841
736767	2186309
736787	2186329
738433	2187975
739708	2189250
741070	2190612
746702	2213991
746716	2214005
748530	2216498
749790	2220157
751992	2223164
753093	2224573
753095	2224575
753123	2224605
755945	2231821
756787	2237738
757798	2239804
758332	2241065
760603	2244706
763626	2249125
764693	2250768
767270	2254993
771458	2264274
771487	2264303
771547	2264363
776398	2271445
776857	2272127
776898	2272168
777078	2272772
777087	2272781
781361	2281191
782584	2283167
785489	2289241
786832	2290584
787472	2291224
787520	2291272
788065	2292148
788247	2293134
788278	2293165
788579	2293466
789556	2300036
789913	2300393
790406	2300886
792006	2302722
795277	2307378
796022	2308193
797715	2310523
797863	2310671
800004	2313502
800935	2314786
801912	2315945
802857	2318666
804547	2320729
808599	2327061
810574	2329666
811351	2330443
811464	2330556
813615	2338221
815795	2340401
818067	2343707
818515	2344480
822251	2350858
823626	2353147
825236	2355516
828645	2359936
829667	2361234
829736	2361303
834867	2368036
836059	2370551
838455	2373292
838510	2373347
844413	2380608
845860	2382522
845999	2382661
846545	2386384
850156	2390799
852154	2393137
853731	2394828
854348	2395626
856883	2398512
858225	2400301
859101	2401480
864319	2409217
866497	2411564
867432	2413051
867788	2413407
868249	2413868
868742	2414361
869426	2415045
870620	2417011
870640	2417031
873193	2420727
873406	2420952
877315	2425787
878597	2427495
878714	2427625
882290	2432533
884508	2435520
885633	2437293
886519	2439753
888761	2443779
891751	2447154
893296	2450652
897511	2457569
897773	2458535
900121	2464753
901282	2466285
901892	2467054
902084	2467257
903619	2471624
905036	2473942
906872	2477697
907647	2479490
907672	2479515
907861	2480375
913592	2486828
918702	2496479
918896	2496673
924398	2506339
926205	2509343
932724	2529440
932814	2529530
933348	2530166
942422	2541103
942723	2541404
942766	2541447
944407	2543429
945701	2545225
945769	2545293
945850	2545374
945988	2545512
951130	2551454
951980	2552538
952385	2553833
952501	2553955
952857	2554317
955538	2558278
956178	2558977
958245	2561774
963602	2569143
965754	2571671
966985	2573587
968728	2583261
969838	2584404
970362	2585451
973459	2589148
974117	2589859
974129	2589871
978483	2596602
982674	2601540
987388	2608425
993169	2616947
995256	2620727
995535	2621006
997814	2624123
997830	2624139
1004881	2635931
1004886	2635936
1005383	2637188
1006079	2650706
1011468	2656095
1013380	2658007
1014085	2658712
1020813	2669883
1020962	2670414
1021065	2670517
1021079	2670531
1025818	2677095
1028262	2681026
1028360	2681124
1028384	2681178
1030318	2683303
1032554	2685983
1032699	2686136
1044924	2702300
1045980	2703621
1052093	3083795
1053461	2718289
1060899	2731219
1061221	2731541
1072620	2752199
1076586	2758112
1078781	2760831
1081476	2764232
1082054	2765141
1084041	2768058
1086166	2771464
1092133	2780358
1093433	2785317
1095231	2787992
1102090	2799279
1105065	2803435
1106289	2805014
1111616	2812470
1112279	2813135
1113621	2814634
1116568	2818994
1117745	2820740
1117793	2820788
1121462	2826694
1123499	2829633
1125046	2832004
1125983	2833303
1129167	2838149
1132674	2843780
1134486	2846551
1137840	2851077
1139686	2853380
1144165	2862469
1150252	2870989
1150557	2871742
1151062	2872543
1151152	2872633
1153231	2875472
1155511	2878369
1161515	2885637
1169460	2896501
1174227	2901951
1177389	2906391
1182840	2913757
1183076	2913993
1186508	2918424
1189720	2923538
1196419	2932897
1198180	2935182
1198361	2935363
1198829	2935891
1199621	2936734
1199966	2937317
1200478	2937940
1203069	2945264
1203122	2945317
1206666	2949661
1207604	2950610
1208467	2953080
1209569	2954266
1213730	2958949
1217835	2964277
1217862	2964304
1218165	2965071
1218181	2965087
1221931	2970579
1227368	2980504
1227585	2980721
1230532	2985742
1231422	2987077
1245509	3004154
1248487	3008083
1251642	3012605
1258328	3022056
1261349	3026161
1264317	3030385
1267656	3036446
1269204	3038796
1270173	3040325
1270305	3040457
1270332	3040484
1271141	3042313
1271244	3042416
1274750	3058404
1282122	3071037
1282954	3073708
1283347	3074982
1285945	3079169
1286017	3079241
1288197	1796525
1295182	919303
1297236	922918
1299013	925611
1299398	925996
1300822	928389
1308260	3085231
1310984	3087955
1315153	3092124
1316573	4744
1318797	6968
1325293	31978
1335565	60124
1341752	66311
1341920	66479
1352305	85914
1352629	86238
1363615	3100009
1365671	895771
1365960	896060
1369676	191735
1370468	192527
1376374	198433
1378771	200830
1382726	204785
1384228	206287
1384465	206524
1384591	206650
1391209	213268
1393068	215127
1393932	215991
1395076	217135
1402698	224757
1403761	225820
1407398	229457
1411214	233273
1414081	236140
1414614	236673
1416628	238687
1422240	244299
1422853	244912
1423207	245266
1424677	246736
1431067	303613
1432141	304687
1435931	308477
1436855	309401
1437135	309681
1437950	310496
1440754	313300
1443326	315872
1446020	318566
1447246	319792
1452831	325377
1452844	325390
1459927	332473
1463950	336496
1466467	339013
1471886	344432
1482719	355265
1484713	357259
1487353	359899
1489301	361847
1490613	363159
1491803	364349
1494234	366780
1494317	366863
1494695	367241
1494755	367301
1499747	372293
1501566	374112
1503219	375765
1503987	376533
1507448	379994
1511937	384483
1513094	385640
1514297	386843
1514891	387437
1515102	387648
1521095	393641
1523330	395876
1524363	396909
1526040	398586
1534466	407012
1535385	407931
1535434	407980
1537515	410061
1538243	410789
1539960	412506
1542963	415509
1545200	417746
1545243	417789
1545323	417869
1550153	422699
1550173	422719
1552052	424598
1553397	425943
1554506	427052
1556642	429188
1557416	429962
1557983	430529
1561130	433676
1563830	436376
1565028	437574
1565960	438506
1569299	441845
1570077	442623
1572462	445008
1575202	447748
1575908	448454
1576642	449188
1578726	451272
1579389	451935
1580009	452555
1584440	456986
1591177	463723
1592150	464696
1593931	466477
1597393	469939
1598133	470679
1600196	472742
1601045	473591
1601300	473846
1605098	477644
1606760	479306
1607152	479698
1607352	479898
1608343	480889
1611087	483633
1613202	485748
1613997	486543
1615042	487588
1615136	487682
1615387	487933
1615523	488069
1616105	488651
1616138	488684
1617951	490497
1618453	490999
1623409	495955
1624624	497170
1624895	497441
1625156	497702
1632435	504981
1632702	505248
1633756	506302
1634765	507311
1635554	508100
1636655	509201
1639036	511582
1650245	522791
1654185	526731
1658075	530621
1662748	535294
1664156	536702
1667903	540449
1668418	540964
1670709	543255
1675000	547546
1677616	550162
1678076	550622
1679280	551826
1681310	553856
1687512	560058
1689814	562360
1695357	567903
1695760	568306
1700145	572691
1702081	574627
1703328	575874
1704156	576702
1705445	577991
1706559	579105
1706621	579167
1709490	582036
1715349	587895
1716145	588691
1724583	597129
1724976	597522
1725651	598197
1726982	599528
1731306	603852
1734026	606572
1735001	607547
1735633	608179
1738158	610704
1740889	613435
1744556	617102
1746471	619017
1747138	619684
1747665	620211
1747671	620217
1749687	622233
1749695	622241
1751629	624175
1752931	625477
1758007	630553
1758023	630569
1763120	635666
1763133	635679
1764604	637150
1764616	637162
1768960	641506
1770100	642646
1774550	647096
1775725	648271
1777220	649766
1779141	651687
1780908	653454
1783160	655706
1783308	655854
1787529	660075
1790747	863630
1790763	863646
1795050	869951
1796129	871030
1799313	874214
1799343	874244
1800939	880223
1803917	889217
1805026	890326
1809751	3104437
1811806	3106492
1814143	3108829
1814893	166212
1815840	169742
1825411	683520
1825735	683844
1828530	686639
1828894	687003
1830516	688625
1831731	689840
1832625	690734
1833000	691109
1833138	691247
1838566	696675
1852453	732763
1853447	3110074
1854279	750391
1856516	756102
1859365	776094
1863280	780009
1865918	790519
1865923	790524
1873147	797748
1873184	797785
1874946	813566
1880516	824105
1887174	3116674
1888777	3118277
1889304	3118804
1890181	3119681
1890818	3120318
1891885	3121385
1892696	3121876
1895173	3124353
