2	c
4351
6504
8155
8930
9792
10381
13385
16959
17008
17158
17923
19009
19712
20116
20781
20911
27441
28403
29226
29888
31740
32627
32640
32655
33184
33263
35802
36119
36293
37924
39303
39877
39889
40023
40102
40111
41042
40690
45492
44507
45656
46358
46731
47338
47634
47774
48000
53235
53257
58494
58553
61669
61890
62111
64557
64962
70697
71515
72214
74739
75070
75309
75382
76242
77742
81038
85314
87253
90342
91667
95099
95536
96325
96336
98070
99364
100053
103608
106611
110548
109089
111320
112447
114600
116357
117263
117855
118413
118661
119762
124621
124987
126158
127910
128908
129032
129171
134465
135779
135588
135647
135966
137075
137539
138817
139492
140246
140850
141437
142269
142741
143518
143599
143881
148929
151058
153427
159628
163681
165917
165923
167232
171066
172026
172478
172481
173525
174112
176164
176762
176926
178727
182897
185791
185798
186089
186472
192793
197700
197751
197802
200065
200580
200653
201237
201887
205241
205113
206071
206283
207290
208907
210363
211087
217959
214680
216140
218052
218932
218979
222668
224739
226202
229882
233056
233246
233647
235832
239747
244792
247261
251456
254601
254790
258826
259401
260884
261301
261588
263398
264897
265434
265789
266770
268657
268954
269574
269829
270046
270168
270804
272432
272483
274361
274810
275794
278960
281647
281743
282831
283196
287175
287732
288176
289134
289876
290603
291247
291983
291980
294889
301807
303452
305610
305968
306308
315486
317364
319331
321435
322185
323071
323238
323594
325127
325138
325287
329063
329618
333313
335176
339690
341616
346300
347994
350969
351307
352135
356162
361983
364379
364441
366855
367214
371250
372422
372718
372923
380758
373547
376948
379030
384545
386425
386964
390518
392678
395963
401306
402572
402605
403980
404331
404650
404936
406363
411235
411622
411984
418441
420784
423038
426133
426858
429000
435816
436401
436537
436858
436894
437687
437999
439224
440245
444311
444604
444642
445749
446585
446741
447425
448383
448786
449209
449843
450555
452739
453518
454201
456513
457496
457827
458582
458644
460663
466969
467717
469481
469589
470106
470965
475392
477980
479365
480511
481944
481963
482356
482451
494290
496802
496933
497803
498443
500158
500672
500683
501133
501590
503979
505363
505535
510456
510727
510750
510829
511579
512654
513128
513191
513850
514496
514946
516405
516485
523261
520331
522618
523546
524160
525048
526239
527524
527970
527983
529038
530929
531690
532576
534941
537830
542093
543085
544124
544376
545866
546507
547041
548689
550686
551098
551744
552769
552747
553695
555435
556183
556359
561291
559206
562869
563214
564330
571556
572016
572846
573377
573745
574238
575300
576376
577324
579729
582266
584408
584973
585068
585307
586185
588000
589885
591547
592071
592931
593340
597119
598021
599129
600622
600706
600779
603723
603916
604517
606803
607238
607687
610149
612479
615955
616703
618094
618267
621803
624118
625931
626132
627465
631513
632832
633290
633317
634170
634556
635077
639661
641336
641544
646118
647579
651933
652071
652113
655337
656917
657329
657797
666482
666661
670590
673961
675146
675479
676740
683350
683414
684421
684484
684598
685033
688476
689844
691036
691619
692097
692790
693786
699341
699324
700408
701559
701562
702008
703561
703575
713103
713147
714040
714126
717583
718628
721973
723567
724295
726987
727417
727478
728047
729576
729961
731135
734006
734018
735324
736044
736767
736787
738433
739708
741070
746702
746716
748530
749790
751992
753093
753095
753123
755945
756787
757798
758332
760603
763626
764693
767270
771458
771487
771547
776398
776857
776898
777078
777087
781361
782584
785489
786832
787472
787520
788065
788247
788278
788579
789556
789913
790406
792006
795277
796022
797715
797863
800004
800935
801912
802857
804547
808599
810574
811351
811464
813615
815795
818067
818515
822251
823626
825236
828645
829667
829736
834867
836059
838455
838510
844413
845999
845860
846545
850156
852154
853731
854348
856883
858225
859101
864319
866497
867432
867788
868249
868742
869426
870620
870640
873193
873406
877315
878597
878714
882290
884508
885633
886519
888761
891751
893296
897511
897773
900121
901282
901892
902084
903619
905036
906872
907647
907672
907861
913592
918702
918896
924398
926205
932724
932814
933348
942422
942723
942766
944407
945701
945769
945850
945988
951130
951980
952385
952501
952857
955538
956178
958245
963602
965754
966985
968728
969838
970362
973459
974117
974129
978483
982674
987388
993169
995256
995535
997814
997830
1004881
1004886
1005383
1006079
1011468
1013380
1014085
1020813
1020962
1021065
1021079
1025818
1028262
1028360
1028384
1030318
1032554
1032699
1044924
1045980
1052093
1053461
1060899
1061221
1072620
1076586
1078781
1081476
1082054
1084041
1086166
1092133
1093433
1095231
1102090
1105065
1106289
1111616
1112279
1113621
1116568
1117745
1117793
1121462
1123499
1125046
1125983
1129167
1132674
1134486
1137840
1139686
1144165
1150252
1150557
1151062
1151152
1153231
1155511
1161515
1169460
1174227
1177389
1182840
1183076
1186508
1189720
1196419
1198180
1198361
1198829
1199621
1199966
1200478
1203069
1203122
1206666
1207604
1208467
1209569
1213730
1217835
1217862
1218165
1218181
1221931
1227368
1227585
1230532
1231422
1245509
1248487
1251642
1258328
1261349
1264317
1267656
1269204
1270173
1270305
1270332
1271141
1271244
1274750
1282122
1286017
1282954
1283347
1285945
1288197
1295182
1297236
1299013
1299398
1300822
1308260
1310984
1315153
1316573
1318797
1325293
1335565
1341752
1341920
1352305
1352629
1363615
1365671
1365960
1369676
1370468
1376374
1378771
1382726
1384228
1384465
1384591
1391209
1393068
1393932
1395076
1402698
1403761
1407398
1411214
1414081
1414614
1416628
1422240
1422853
1423207
1424677
1431067
1432141
1435931
1436855
1437135
1437950
1440754
1443326
1446020
1447246
1452844
1452831
1459927
1463950
1466467
1471886
1482719
1484713
1487353
1489301
1490613
1491803
1494234
1494317
1494695
1494755
1499747
1501566
1503219
1503987
1507448
1511937
1513094
1514297
1514891
1515102
1521095
1523330
1524363
1526040
1534466
1535385
1535434
1537515
1538243
1539960
1542963
1545323
1545200
1545243
1550153
1550173
1552052
1553397
1554506
1556642
1557416
1557983
1561130
1563830
1565028
1565960
1569299
1570077
1572462
1575202
1575908
1576642
1578726
1579389
1580009
1584440
1591177
1592150
1593931
1597393
1598133
1600196
1601045
1601300
1605098
1606760
1607152
1607352
1608343
1611087
1613202
1613997
1615042
1615136
1615387
1615523
1616105
1616138
1617951
1618453
1623409
1624624
1624895
1625156
1632435
1632702
1633756
1634765
1635554
1636655
1639036
1650245
1654185
1658075
1662748
1664156
1667903
1668418
1670709
1675000
1677616
1678076
1679280
1681310
1687512
1689814
1695357
1695760
1700145
1702081
1703328
1704156
1705445
1706559
1706621
1709490
1715349
1716145
1724583
1724976
1725651
1726982
1731306
1734026
1735001
1735633
1738158
1740889
1744556
1746471
1747138
1747665
1747671
1749687
1749695
1751629
1752931
1758007
1758023
1763120
1763133
1764604
1764616
1768960
1770100
1774550
1775725
1777220
1779141
1780908
1783160
1783308
1787529
1790747
1790763
1795050
1796129
1799313
1799343
1800939
1803917
1805026
1809751
1811806
1814143
1814893
1815840
1825411
1828894
1825735
1828530
1830516
1831731
1832625
1833000
1833138
1838566
1852453
1853447
1854279
1856516
1859365
1863280
1865918
1865923
1873184
1873147
1874946
1880516
1887174
1888777
1889304
1890181
1890818
1891885
1892696
1895173
