2 (source)	c
1284	940510
4350	943576
7521	949384
8843	951284
9687	953852
10175	954613
13069	960973
16902	968853
16969	968920
17011	968962
17810	970089
18906	971559
19576	972292
20025	972895
20618	977056
20874	977342
27308	993258
28362	994940
29123	997010
29569	997781
31607	1001185
32503	1003157
32628	1003601
32641	1003614
33143	1005195
33206	1005258
33910	1007801
35798	1009689
36134	1010025
37694	1013804
37925	1014035
39304	1015414
39849	1015959
39896	1016006
40022	1016132
40066	1016176
40109	1016219
40382	1016492
43151	1023674
43540	1024063
45587	1026110
46293	1027471
46354	1027532
46709	1027887
47620	1028807
47635	1029112
47779	1029256
53194	1040189
53204	1040199
57771	1050562
58524	1051315
61257	1054974
61784	1055841
61896	1056257
64514	1062213
64767	1062466
70430	1068873
71391	1070404
71967	1070980
74460	1075524
74971	1076035
75127	1076191
75310	1076374
76112	1078283
77688	1082736
80795	1086866
85103	1098253
86630	1109648
90300	1118685
90315	1118700
92377	1120762
95222	1123607
96019	1124404
96275	1124660
97687	1126290
99127	1128276
99359	1128852
103350	1136307
106529	1139952
107803	1141598
108678	1144470
110946	1147076
111509	1147640
114424	1154403
115885	1158023
117159	1159442
117622	1160058
118319	1181053
118413	1181147
119639	1184044
122313	1187809
124680	1190176
126109	1192311
127737	1197873
128749	1201193
128951	1201395
129118	1201562
134278	1207396
134468	1207586
134984	1208102
135270	1208388
135782	1208900
136822	1210746
137491	1217842
138705	1219755
139271	1220718
140140	1221587
140791	1222277
141175	1222926
142214	1224138
142674	1227582
142934	1227933
143524	1228523
143819	1228910
147278	1233175
149406	1235356
153218	1240146
159576	1249154
163608	1255699
165756	1258765
165873	1258897
166921	1260187
170981	1265939
171739	1267387
172299	1268088
172327	1268116
173317	1269324
173856	1269909
175309	1275254
176248	1276193
176808	1276753
178588	1278658
182809	1286657
185542	1290273
185570	1290301
186023	1290818
186244	1291202
192483	1301282
197577	1309528
197596	1310965
197753	1311122
199807	1313415
200281	1314035
200612	1314366
201002	1314898
201677	1315626
202227	1318455
204168	1320398
205754	1323323
206072	1323641
207054	1325133
208768	1328316
210284	1330674
211038	1332838
213537	1337692
214590	1339666
214976	1340052
217982	1343987
218843	1346754
218925	1346836
222273	1364134
224636	1368800
225251	1370275
229804	1377111
232938	1380460
233040	1380562
233504	1381163
235412	1383274
239580	1387951
244752	1395599
247010	1399912
248355	1403456
253726	1409166
254726	1410166
258698	1415378
259350	1416287
260803	1419246
261257	1419729
261388	1420042
263055	1422453
264471	1425281
265407	1429416
265468	1429477
266593	1431097
268496	1433926
268853	1434305
268877	1434329
269585	1435653
269825	1435893
270040	1436108
270469	1437014
272332	1440313
272433	1440414
274321	1444427
274717	1444823
275610	1445807
278864	1452321
281145	1455711
281636	1456245
282527	1457447
282838	1457758
287083	1465323
287701	1466042
288058	1466642
288947	1467708
289789	1468985
290533	1471253
291150	1472729
291927	1473914
291931	1473918
294845	1479980
301756	1489300
303411	1492567
305565	1495571
305900	1495906
305912	1495918
315401	1510287
317261	1515573
319273	1518220
321149	1520604
321962	1522571
322179	1522788
323071	1523680
323286	1523895
325082	1525982
325086	1525986
325097	1525997
328841	1532962
329531	1535407
332012	1539921
335082	1543491
339448	1552113
341387	1555561
343491	1558725
347944	1563178
350839	1566861
351241	1567281
352078	1568895
355316	1577811
360894	1584691
364156	1588270
364163	1588386
366808	1592701
367139	1593102
369570	1597324
371889	1599684
372654	1600509
372719	1600574
373010	1601153
373131	1601274
373576	1601719
376977	1605120
382865	1611293
386280	1615798
386886	1617205
389651	1620864
392611	1625124
394355	1628005
397155	1633216
402342	1639437
402570	1639665
403909	1643325
404225	1643641
404417	1643833
404881	1645029
406097	1646302
410434	1653099
411236	1653901
411623	1654288
418345	1664632
420317	1669333
422340	1671833
426015	1676803
426775	1678450
428946	1681195
435698	1690624
436281	1693616
436495	1693830
436538	1693873
436745	1694080
437531	1695451
437832	1695754
439088	1697255
440168	1699860
444193	1705239
444313	1705482
444631	1705800
445628	1706899
446226	1707920
446578	1708272
447319	1709146
448083	1710200
448527	1710644
449069	1711321
449792	1712951
450289	1713499
452638	1716279
453471	1717654
454139	1718642
456388	1721044
457370	1722493
457750	1723306
458231	1724206
458616	1724709
460436	1727912
466864	1735483
467648	1736934
469382	1739995
469540	1740153
470058	1741100
470847	1742011
475350	1748502
477757	1751807
479184	1754265
480461	1756268
481703	1758382
481923	1758619
482322	1759050
482365	1759726
494212	1777138
496485	1783317
496519	1783351
497737	1784954
498307	1785700
499863	1787923
500567	1788707
500673	1789083
501075	1789613
501457	1790225
503873	1794368
505198	3082759
505441	3083002
510393	1813972
510644	1814237
510739	1814332
510780	1814480
511449	1815200
512456	1816417
513111	1818320
513129	1818338
513237	1818446
514462	1819693
514895	1820213
516123	1822381
516398	1822656
516487	1822745
519918	1826176
520998	1827256
523262	1829520
524094	1830373
524952	1831528
526063	1832860
527484	1834994
527713	1835223
527904	1835438
528981	1838443
530730	1841814
531585	1843128
532328	1843987
534900	1849141
537795	1855143
542023	1862735
542705	1863605
544035	1865095
544125	1865271
545678	1867213
546404	1869326
546984	1869950
548305	1871740
550376	1874308
551055	1874993
551668	1876331
552554	1877777
552568	1877791
553646	1879461
555101	1882611
556125	1884098
556310	1884310
557358	1886538
558777	1887957
562775	1893042
563161	1893934
564293	1895953
571136	1906411
571780	1907191
572548	1907987
572927	1908370
573677	1910047
574185	1911440
575050	1913030
576285	1914803
577177	1916292
579602	1921248
582163	1924829
583622	1926393
584461	1927232
585000	1927771
585259	1928423
586123	1929694
587943	1935111
589524	1937301
591485	1939749
591543	1939807
592892	1941225
593261	1941988
597083	1949833
597663	1950423
598890	1952683
600559	1955180
600649	1955270
600716	1955337
603629	1964168
603882	1964598
604285	1965850
606757	1970324
607150	1970717
607560	1971127
610073	1974170
612274	1976613
615667	1981548
615971	1981852
616776	1982952
618179	1984403
621522	1988867
622615	1990413
624294	1992092
626085	1993885
627159	1995062
631438	2001522
632581	2002709
632900	2003208
633288	2003596
633343	2003651
634366	2004674
634964	2005480
639401	2011575
640419	2013432
641473	2014486
645171	2019362
647530	2022231
650229	2025335
651961	2027067
652075	2027181
655162	2031276
656786	2034170
656948	2034344
657330	2034849
666316	2046432
666540	2046656
670512	2056940
673695	2064886
674837	2076288
675389	2076859
676709	2078839
683328	2087518
683351	2087724
684120	2088787
684443	2089110
684536	2089203
684551	2089218
688391	2094092
689774	2095874
690987	2097610
691211	2098146
692029	2099810
692710	2100780
693491	2102030
699045	2111082
699065	2111102
700362	2114752
701098	2116614
701153	2116669
701877	2117393
703445	2121723
703562	2121840
712941	2136426
713122	2136658
713881	2137688
714037	2137844
717351	2142146
718524	2146078
721730	2153226
723429	2155618
724237	2156698
726035	2160835
727067	2161867
727451	2162251
727481	2162281
728810	2164507
729909	2166633
731062	2168175
733046	2171783
733978	2172715
734007	2172744
735880	2174631
736599	2186141
736672	2186214
738395	2187937
739655	2189197
740420	2189962
746642	2213931
746653	2213942
748474	2216442
749731	2220062
751943	2223109
752922	2224402
752945	2224425
753096	2224576
755864	2231736
756661	2237612
757732	2239275
758222	2240930
760562	2244665
763576	2249075
764616	2250691
767180	2254903
771297	2264113
771433	2264249
771494	2264310
776310	2271357
776731	2272001
776783	2272053
777000	2272694
777044	2272738
780890	2280720
782396	2282923
784345	2288097
785466	2289218
786832	2290584
787065	2290817
787999	2292080
788066	2292149
788085	2292168
788346	2293233
789254	2299734
789561	2300041
790272	2300752
791935	2302422
793946	2306047
795936	2308107
797165	2309973
797717	2310525
799912	2313410
800855	2314697
801567	2315600
802739	2318548
804422	2320604
808559	2326972
810506	2329598
810878	2329970
811423	2330515
813544	2338150
814336	2338942
817919	2343559
818449	2344414
822089	2350696
823438	2352617
823996	2353517
828555	2359846
829600	2361167
829611	2361178
834784	2367953
835981	2370438
837834	2372671
838102	2372939
844273	2380468
845436	2382098
845549	2382211
846485	2386320
850029	2390671
851902	2392885
853530	2394627
854285	2395563
856808	2398437
858177	2400214
858859	2401238
864069	2408967
866209	2411276
867382	2413001
867438	2413057
867787	2413406
868533	2414152
869354	2414973
870470	2416861
870621	2417012
873027	2420561
873318	2420864
877075	2425423
878441	2427218
878664	2427563
882164	2432393
884467	2435371
885421	2437038
886450	2439684
888717	2443735
891704	2447103
893239	2450595
897462	2457507
897711	2457956
900036	2463213
901229	2466232
901850	2467012
901857	2467019
903490	2470076
904638	2473544
906742	2477567
907600	2479394
907640	2479483
907806	2480320
908438	2481674
918590	2495071
918820	2496597
924363	2506299
926069	2509207
932384	2529100
932746	2529462
933198	2530015
942322	2541003
942417	2541098
942429	2541110
944139	2543161
945549	2545073
945691	2545215
945810	2545334
945929	2545453
950962	2551270
951774	2552293
952365	2553720
952386	2553834
952658	2554117
955444	2558184
956138	2558937
958085	2561609
963357	2568678
965561	2571464
966917	2573519
968652	2583185
969606	2584171
970309	2585398
973300	2588989
973725	2589467
974020	2589762
978411	2596311
982602	2601463
987335	2608372
992570	2616348
995160	2620625
995444	2620915
997718	2624018
997720	2624020
1004823	2635520
1004845	2635542
1005292	2637097
1005906	2637932
1006338	2650965
1013329	2657956
1013886	2658513
1020776	2669846
1020949	2670401
1020963	2670415
1021066	2670518
1025753	2677024
1028201	2680345
1028275	2681039
1028361	2681125
1030216	2683201
1032512	2685938
1032577	2686014
1044833	2702208
1045936	2703539
1051880	3083582
1053365	2718174
1060837	2730654
1061115	2731435
1072574	2752153
1076074	2757600
1078701	2760702
1081429	2764182
1081912	2764905
1083980	2767572
1086073	2771371
1091816	2780041
1093372	2785256
1095120	2787881
1101857	2799046
1104985	2803342
1105987	2804712
1111536	2812213
1112174	2813030
1113515	2814527
1116484	2818901
1117600	2820217
1117616	2820233
1121292	2826385
1123470	2829604
1125005	2831962
1125880	2833195
1129119	2838056
1132611	2843717
1134408	2846470
1137713	2850950
1139625	2853319
1144080	2862384
1146325	2867062
1150345	2871082
1150893	2872374
1151066	2872547
1152920	2875161
1155459	2878316
1161417	2885539
1169349	2896390
1170980	2898704
1176510	2905512
1182784	2913701
1182834	2913751
1186367	2918283
1188937	2922755
1195958	2932414
1198072	2934687
1198317	2935319
1198736	2935749
1199535	2936648
1199716	2937067
1200376	2937838
1203059	2945254
1203070	2945265
1206357	2948714
1207297	2950303
1208025	2952638
1209374	2954067
1213453	2958672
1217460	2963902
1217749	2964191
1218051	2964955
1218130	2965034
1221566	2970214
1227296	2980432
1227461	2980597
1230297	2985507
1231377	2987032
1245351	3003996
1248423	3008019
1251511	3012453
1256970	3020698
1260069	3024881
1264148	3030008
1267615	3036405
1269145	3038728
1270088	3040240
1270241	3040393
1270256	3040408
1271059	3042231
1271151	3042323
1274606	3058260
1281934	3070849
1282670	3073424
1282711	3073465
1283309	3074063
1285865	3078930
1288156	1796484
1294959	919080
1297115	922797
1298955	925553
1299318	925916
1300654	928221
1308175	3085146
1310854	3087825
1314998	3091969
1316425	4596
1317635	5806
1318798	6969
1335454	60013
1341672	66231
1341791	66350
1352082	85691
1352565	86174
1363231	3099625
1365504	892712
1365528	895628
1369601	191660
1370365	192424
1376255	198314
1378648	200707
1382439	204498
1384133	206192
1384406	206465
1384413	206472
1391179	213238
1392906	214965
1393848	215907
1395010	217069
1402603	224662
1403536	225595
1407173	229232
1411115	233174
1413954	236013
1414498	236557
1416590	238649
1422183	244242
1422669	244728
1423140	245199
1423678	245737
1429211	251270
1432073	304619
1435670	308216
1436623	309169
1436872	309418
1437908	310454
1440622	313168
1443146	315692
1445930	318476
1447040	319586
1447134	319680
1452781	325327
1456955	329501
1460165	332711
1466420	338966
1471709	344255
1482684	355230
1484643	357189
1487189	359735
1488930	361476
1490546	363092
1491742	364288
1494133	366679
1494232	366778
1494382	366928
1494679	367225
1499290	371836
1501484	374030
1503178	375724
1503876	376422
1507371	379917
1511776	384322
1512919	385465
1514071	386617
1514297	386843
1514869	387415
1521001	393547
1523285	395831
1524236	396782
1525953	398499
1534162	406708
1535328	407874
1535378	407924
1536675	409221
1538137	410683
1539751	412297
1542886	415432
1544855	417401
1545104	417650
1545201	417747
1550051	422597
1550085	422631
1551824	424370
1552523	425069
1553398	425944
1556597	429143
1557229	429775
1557911	430457
1560902	433448
1563751	436297
1564165	436711
1565021	437567
1568711	441257
1570028	442574
1571186	443732
1575086	447632
1575602	448148
1575908	448454
1578081	450627
1579005	451551
1579804	452350
1584160	456706
1590972	463518
1592108	464654
1593893	466439
1597359	469905
1597965	470511
1600149	472695
1600800	473346
1601224	473770
1604912	477458
1606703	479249
1607042	479588
1607188	479734
1607353	479899
1610776	483322
1611526	484072
1613949	486495
1614868	487414
1615107	487653
1615137	487683
1615472	488018
1615673	488219
1615946	488492
1617877	490423
1618248	490794
1623282	495828
1624577	497123
1624594	497140
1624893	497439
1625158	497704
1632436	504982
1632703	505249
1634701	507247
1635488	508034
1636575	509121
1638853	511399
1650092	522638
1654057	526603
1658005	530551
1662162	534708
1663962	536508
1667659	540205
1668325	540871
1669802	542348
1674739	547285
1677419	549965
1678042	550588
1678883	551429
1681179	553725
1687455	560001
1689422	561968
1695306	567852
1695706	568252
1700015	572561
1701926	574472
1702762	575308
1703236	575782
1704145	576691
1705446	577992
1706558	579104
1706919	579465
1715288	587834
1715494	588040
1724556	597102
1724625	597171
1725422	597968
1726952	599498
1729959	602505
1733926	606472
1734797	607343
1735571	608117
1738093	610639
1740807	613353
1744498	617044
1746271	618817
1747123	619669
1747139	619685
1747618	620164
1749605	622151
1749640	622186
1750698	623244
1752793	625339
1756777	629323
1757986	630532
1762717	635263
1763045	635591
1763683	636229
1764576	637122
1768712	641258
1769859	642405
1774533	647079
1775631	648177
1777136	649682
1778950	651496
1780781	653327
1783002	655548
1783175	655721
1787345	659891
1790584	863467
1790748	863631
1794909	869810
1796021	870922
1799049	873950
1799113	874014
1799599	874500
1803843	889143
1804876	890176
1809639	3104325
1811710	3106396
1813972	3108658
1814840	166159
1815743	167062
1823503	681612
1825212	683321
1825326	683435
1828345	686454
1830469	688578
1830641	688750
1832466	690575
1832736	690845
1833085	691194
1838258	696367
1849215	728647
1853373	3110000
1854245	750357
1856454	756040
1859305	776034
1863148	779877
1864993	789594
1865889	790490
1872910	797511
1872923	797524
1874364	812984
1880421	824010
1887078	3116578
1888561	3118061
1889183	3118683
1890020	3119520
1890751	3120251
1891801	3121301
1892303	3121803
1894608	3123788
