2	c
1284
4350
7521
8843
9687
10175
13069
16902
16969
17011
17810
18906
19576
20025
20618
20874
27308
28362
29123
29569
31607
32503
32628
32641
33143
33206
33910
35798
36134
37694
37925
39304
39849
39896
40022
40066
40109
40382
43151
43540
45587
46293
46354
46709
47620
47635
47779
53194
53204
57771
58524
61257
61784
61896
64514
64767
70430
71391
71967
74460
74971
75127
75310
76112
77688
80795
85103
86630
90300
90315
92377
95222
96019
96275
97687
99127
99359
103350
106529
107803
108678
110946
111509
114424
115885
117159
117622
118319
118413
119639
122313
124680
126109
127737
128749
128951
129118
134278
134468
134984
135270
135782
136822
137491
138705
139271
140140
140791
141175
142214
142674
142934
143524
143819
147278
149406
153218
159576
163608
165756
165873
166921
170981
171739
172299
172327
173317
173856
175309
176248
176808
178588
182809
185542
185570
186023
186244
192483
197577
197596
197753
199807
200281
200612
201002
201677
202227
204168
205754
206072
207054
208768
210284
211038
213537
214590
214976
217982
218843
218925
222273
224636
225251
229804
232938
233040
233504
235412
239580
244752
247010
248355
253726
254726
258698
259350
260803
261257
261388
263055
264471
265407
265468
266593
268496
268853
268877
269585
269825
270040
270469
272332
272433
274321
274717
275610
278864
281145
281636
282527
282838
287083
287701
288058
288947
289789
290533
291150
291927
291931
294845
301756
303411
305565
305900
305912
315401
317261
319273
321149
321962
322179
323071
323286
325082
325086
325097
328841
329531
332012
335082
339448
341387
343491
347944
350839
351241
352078
355316
360894
364156
364163
366808
367139
369570
371889
372654
372719
373010
373131
373576
376977
382865
386280
386886
389651
392611
394355
397155
402342
402570
403909
404225
404417
404881
406097
410434
411236
411623
418345
420317
422340
426015
426775
428946
435698
436281
436495
436538
436745
437531
437832
439088
440168
444193
444313
444631
445628
446226
446578
447319
448083
448527
449069
449792
450289
452638
453471
454139
456388
457370
457750
458231
458616
460436
466864
467648
469382
469540
470058
470847
475350
477757
479184
480461
481703
481923
482322
482365
494212
496485
496519
497737
498307
499863
500567
500673
501075
501457
503873
505198
505441
510393
510644
510739
510780
511449
512456
513111
513129
513237
514462
514895
516123
516398
516487
519918
520998
523262
524094
524952
526063
527484
527713
527904
528981
530730
531585
532328
534900
537795
542023
542705
544035
544125
545678
546404
546984
548305
550376
551055
551668
552554
552568
553646
555101
556125
556310
557358
558777
562775
563161
564293
571136
571780
572548
572927
573677
574185
575050
576285
577177
579602
582163
583622
584461
585000
585259
586123
587943
589524
591485
591543
592892
593261
597083
597663
598890
600559
600649
600716
603629
603882
604285
606757
607150
607560
610073
612274
615667
615971
616776
618179
621522
622615
624294
626085
627159
631438
632581
632900
633288
633343
634366
634964
639401
640419
641473
645171
647530
650229
651961
652075
655162
656786
656948
657330
666316
666540
670512
673695
674837
675389
676709
683328
683351
684120
684443
684536
684551
688391
689774
690987
691211
692029
692710
693491
699045
699065
700362
701098
701153
701877
703445
703562
712941
713122
713881
714037
717351
718524
721730
723429
724237
726035
727067
727451
727481
728810
729909
731062
733046
733978
734007
735880
736599
736672
738395
739655
740420
746642
746653
748474
749731
751943
752922
752945
753096
755864
756661
757732
758222
760562
763576
764616
767180
771297
771433
771494
776310
776731
776783
777000
777044
780890
782396
784345
785466
786832
787065
787999
788066
788085
788346
789254
789561
790272
791935
793946
795936
797165
797717
799912
800855
801567
802739
804422
808559
810506
810878
811423
813544
814336
817919
818449
822089
823438
823996
828555
829600
829611
834784
835981
837834
838102
844273
845436
845549
846485
850029
851902
853530
854285
856808
858177
858859
864069
866209
867382
867438
867787
868533
869354
870470
870621
873027
873318
877075
878441
878664
882164
884467
885421
886450
888717
891704
893239
897462
897711
900036
901229
901850
901857
903490
904638
906742
907600
907640
907806
908438
918590
918820
924363
926069
932384
932746
933198
942322
942417
942429
944139
945549
945691
945810
945929
950962
951774
952365
952386
952658
955444
956138
958085
963357
965561
966917
968652
969606
970309
973300
973725
974020
978411
982602
987335
992570
995160
995444
997718
997720
1004823
1004845
1005292
1005906
1006338
1013329
1013886
1020776
1020949
1020963
1021066
1025753
1028201
1028275
1028361
1030216
1032512
1032577
1044833
1045936
1051880
1053365
1060837
1061115
1072574
1076074
1078701
1081429
1081912
1083980
1086073
1091816
1093372
1095120
1101857
1104985
1105987
1111536
1112174
1113515
1116484
1117600
1117616
1121292
1123470
1125005
1125880
1129119
1132611
1134408
1137713
1139625
1144080
1146325
1150345
1150893
1151066
1152920
1155459
1161417
1169349
1170980
1176510
1182784
1182834
1186367
1188937
1195958
1198072
1198317
1198736
1199535
1199716
1200376
1203059
1203070
1206357
1207297
1208025
1209374
1213453
1217460
1217749
1218051
1218130
1221566
1227296
1227461
1230297
1231377
1245351
1248423
1251511
1256970
1260069
1264148
1267615
1269145
1270088
1270241
1270256
1271059
1271151
1274606
1281934
1282670
1282711
1283309
1285865
1288156
1294959
1297115
1298955
1299318
1300654
1308175
1310854
1314998
1316425
1317635
1318798
1335454
1341672
1341791
1352082
1352565
1363231
1365504
1365528
1369601
1370365
1376255
1378648
1382439
1384133
1384406
1384413
1391179
1392906
1393848
1395010
1402603
1403536
1407173
1411115
1413954
1414498
1416590
1422183
1422669
1423140
1423678
1429211
1432073
1435670
1436623
1436872
1437908
1440622
1443146
1445930
1447040
1447134
1452781
1456955
1460165
1466420
1471709
1482684
1484643
1487189
1488930
1490546
1491742
1494133
1494232
1494382
1494679
1499290
1501484
1503178
1503876
1507371
1511776
1512919
1514071
1514297
1514869
1521001
1523285
1524236
1525953
1534162
1535328
1535378
1536675
1538137
1539751
1542886
1544855
1545104
1545201
1550051
1550085
1551824
1552523
1553398
1556597
1557229
1557911
1560902
1563751
1564165
1565021
1568711
1570028
1571186
1575086
1575602
1575908
1578081
1579005
1579804
1584160
1590972
1592108
1593893
1597359
1597965
1600149
1600800
1601224
1604912
1606703
1607042
1607188
1607353
1610776
1611526
1613949
1614868
1615107
1615137
1615472
1615673
1615946
1617877
1618248
1623282
1624577
1624594
1624893
1625158
1632436
1632703
1634701
1635488
1636575
1638853
1650092
1654057
1658005
1662162
1663962
1667659
1668325
1669802
1674739
1677419
1678042
1678883
1681179
1687455
1689422
1695306
1695706
1700015
1701926
1702762
1703236
1704145
1705446
1706558
1706919
1715288
1715494
1724556
1724625
1725422
1726952
1729959
1733926
1734797
1735571
1738093
1740807
1744498
1746271
1747123
1747139
1747618
1749605
1749640
1750698
1752793
1756777
1757986
1762717
1763045
1763683
1764576
1768712
1769859
1774533
1775631
1777136
1778950
1780781
1783002
1783175
1787345
1790584
1790748
1794909
1796021
1799049
1799113
1799599
1803843
1804876
1809639
1811710
1813972
1814840
1815743
1823503
1825212
1825326
1828345
1830469
1830641
1832466
1832736
1833085
1838258
1849215
1853373
1854245
1856454
1859305
1863148
1864993
1865889
1872910
1872923
1874364
1880421
1887078
1888561
1889183
1890020
1890751
1891801
1892303
1894608
