2 (source)	c
738	939307
5441	944667
6639	945865
7520	949383
7592	949455
8552	950419
9070	951523
9900	954117
13519	961423
15303	964100
16202	966052
16747	968698
20814	977252
22163	981904
23732	984646
25285	987641
25720	990043
26697	992521
27592	993987
29345	997301
31428	1000995
34759	1008650
36687	1010695
41112	1017223
45743	1026637
46552	1027730
47121	1028299
48065	1029543
49151	1032396
49502	1033283
49902	1033956
50984	1035581
52168	1037834
54051	1042106
54636	1044435
55134	1046088
58397	1051188
59074	1052195
61954	1056315
63852	1060936
64967	1062666
69879	1068262
70834	1069334
72391	1072457
74486	1075550
74571	1075635
74572	1075636
75144	1076208
75962	1078133
76861	1080642
77925	1083113
83992	1095346
84248	1095602
87350	1110368
87521	1110539
88838	1113372
92479	1120864
94590	1122975
96938	1125459
97756	1126359
98446	1127272
100084	1129577
100462	1130313
102241	1134670
103206	1136131
103361	1136318
109101	1144893
109102	1144894
109177	1144969
109232	1145024
109313	1145105
111898	1149001
111923	1149026
112269	1149372
115267	1156687
116589	1158730
118413	1181147
119253	1183165
120770	1185200
130117	1202561
135093	1208211
135986	1209104
137293	1217250
139111	1220161
141349	1223100
141386	1223137
143614	1228689
144420	1230061
151160	1237119
151924	1238741
153232	1240189
153275	1240232
153280	1240237
153290	1240247
153292	1240249
153299	1240256
153333	1240290
155747	1243652
158350	1247398
160288	1250736
161881	1252532
162122	1253225
163464	1255291
164627	1257557
168629	1262701
172547	1268338
173963	1270027
174958	1271984
175316	1275261
175401	1275346
176610	1276555
177392	1277340
178657	1278891
182270	1286068
183787	1288030
185575	1290306
185656	1290387
185704	1290435
185708	1290439
185720	1290451
185733	1290464
185738	1290469
186948	1292942
188421	1296187
197138	1309078
197646	1311015
197946	1311315
199811	1313419
199952	1313563
202236	1318464
202740	1318968
205417	1322648
205846	1323415
206626	1324195
211217	1333018
211986	1334853
213716	1338203
216546	1341629
217125	1342974
218099	1344104
218894	1346805
221007	1355402
222808	1364703
227158	1373277
227609	1374020
228710	1375527
239624	1387995
240350	1388734
242121	1391696
243535	1394130
246340	1397626
246905	1399807
247021	1399923
251701	1406827
254918	1410358
259882	1417960
260128	1418206
263983	1424714
265054	1427043
265293	1429060
268169	1433441
269479	1435547
269888	1435956
271126	1437677
272619	1440606
274994	1445102
276705	1448632
278119	1451185
281157	1455766
281171	1455780
281238	1455847
281550	1456159
281557	1456166
281589	1456198
283389	1458323
284708	1461663
287476	1465726
288297	1466933
290105	1470624
291484	1473067
292296	1474933
294296	1479210
295033	1480286
302247	1489801
306176	1496182
307027	1497064
307532	1497874
308700	1499439
309605	1501522
309961	1502399
314544	1508371
315126	1509969
316131	1514259
319418	1518476
323807	1524469
326074	1527873
326375	1529017
327870	1531566
334008	1541917
335543	1546393
337646	1549534
338948	1551484
341800	1556075
343146	1557806
348061	1563295
350237	1565860
352689	1570055
352991	1570889
354788	1575523
355471	1577966
356851	1580128
362471	1586271
363598	1587704
364432	1589602
373585	1601728
373594	1601737
373693	1601836
373786	1601929
374432	1602575
374966	1603109
375796	1603939
375950	1604093
376737	1604880
376766	1604909
376803	1604946
381843	1609997
384744	1613173
385910	1615010
387261	1617761
389157	1620313
390181	1621394
390530	1621743
392754	1625267
394194	1627830
396119	1629828
397020	1631342
402364	1639459
402368	1639463
402378	1639473
403445	1642692
404401	1643817
404526	1643942
404700	1644116
405136	1645284
406141	1646346
406160	1646365
406186	1646391
406192	1646397
406222	1646427
406224	1646429
406233	1646438
406270	1646475
406292	1646497
408461	1649594
410567	1653232
411286	1653951
412402	1655067
415284	1660213
416221	1661930
419432	1666820
419866	1668198
420988	1670019
423213	1672715
426284	1677072
426606	1678267
434168	1687901
436060	1691288
436922	1694257
439797	1699410
440434	1700126
442098	1702954
443160	1704109
445412	1706671
446239	1707933
446288	1707982
446316	1708010
446385	1708079
446469	1708163
446583	1708277
446585	1708279
446817	1708511
447338	1709165
447344	1709171
449493	1711779
449957	1713116
450288	1713498
450308	1713518
450317	1713527
450320	1713530
450323	1713533
450330	1713540
450335	1713545
450814	1714094
459612	1726194
460054	1727257
463487	1731854
467358	1736609
468869	1739188
471792	1743694
472691	1744704
473096	1745648
476547	1750493
479208	1754289
480491	1756298
482020	1758730
482569	1760899
491674	1772790
493361	1775407
494764	1778248
495947	1780514
496603	1783435
496781	1783613
496854	1783686
497002	1783836
501960	1791371
502514	1792369
503686	1794149
504800	1796279
505869	1803865
506957	1806268
508359	1810563
509189	1812100
509710	1813022
510543	1814136
524673	1831214
527540	1835050
528104	1836138
528668	1837331
529010	1838472
529414	1839280
531830	1843383
533507	1845932
534332	1847280
536061	1851500
536435	1851878
537930	1855293
539929	1857870
540694	1860266
541222	1861357
542191	1862915
542699	1863599
542795	1863695
543021	1863921
543125	1864025
544194	1865340
546205	1868831
549773	1873252
551921	1876642
552373	1877562
552963	1878722
555039	1881540
556049	1884022
557202	1886378
557394	1886574
557453	1886633
557457	1886637
557529	1886709
557587	1886767
557734	1886914
558244	1887424
562165	1892130
563015	1893788
564366	1896026
564875	1897119
569012	1902768
569268	1903430
569986	1904611
570760	1906031
572942	1908385
573621	1909897
574451	1911720
575052	1913032
575082	1913062
575087	1913067
575858	1914261
577062	1916171
578034	1917939
578933	1919884
579817	1921463
580421	1922393
585531	1928853
586898	1932061
587340	1934348
588953	1936672
590098	1937876
592684	1941017
593405	1942522
594723	1945569
595477	1946785
596449	1948756
597502	1950260
597674	1950800
597798	1950924
598104	1951832
599149	1953200
601741	1957864
602291	1959278
604070	1964972
605817	1968762
607849	1971420
610436	1974646
611969	1976302
614494	1980337
618705	1985050
623273	1991071
623370	1991168
625028	1992826
625993	1993791
630058	2000088
633298	2003606
634369	2004677
634417	2004725
634464	2004772
635440	2005989
638991	2010623
639421	2011595
639436	2011610
639566	2011740
641784	2014799
642963	2016809
646385	2020937
650228	2025334
652079	2027185
652505	2027978
655777	2032775
657986	2035512
659685	2037737
661807	2040937
666312	2046428
666353	2046469
667263	2047582
668010	2048760
669706	2055009
670706	2057134
672282	2061710
673326	2064361
675253	2076708
676086	2078142
679205	2081760
681064	2084469
685251	2089929
691178	2098113
691316	2098251
691372	2098307
692451	2100232
693223	2101745
696581	2106616
697988	2108130
698237	2108873
699092	2111129
699100	2111137
699187	2111224
699572	2111613
702545	2118788
704284	2124691
708661	2129863
710511	2132817
712685	2136107
714631	2138454
717422	2142224
717535	2142345
718668	2146222
720125	2149021
721086	2151800
722405	2154158
723493	2155685
727491	2162291
727586	2162386
728316	2163121
728815	2164512
729324	2165021
731269	2168387
731823	2170231
733048	2171785
735462	2174200
737081	2186623
739682	2189224
741929	2191471
743432	2192974
747562	2214851
748721	2216697
749430	2219761
749995	2220366
751570	2222716
752982	2224462
754864	2230602
757500	2239043
758331	2241064
760230	2244286
761486	2246478
763687	2249187
766280	2253244
766934	2254363
767314	2255083
772733	2266306
774012	2268238
776046	2270573
777167	2272861
778454	2275135
781559	2281423
782115	2282543
787047	2290799
787052	2290804
787053	2290805
787599	2291364
788589	2293476
789253	2299733
789298	2299778
791747	2302230
795624	2307739
796377	2308990
798144	2310952
799548	2312588
800431	2314268
802679	2318488
806108	2323133
806599	2324032
808747	2327213
811572	2330671
816478	2341121
817668	2342760
818289	2344254
819857	2346500
820671	2348959
825800	2356721
833779	2366332
835435	2369802
836868	2371589
838231	2373068
838238	2373075
838804	2373721
844283	2380478
845861	2382523
845921	2382583
846658	2386518
848859	2389435
851089	2391777
852611	2393599
853730	2394827
854393	2395671
857826	2399641
860387	2403010
865392	2410393
867235	2412532
869962	2415958
871921	2419127
874689	2422644
876586	2424768
877064	2425412
878854	2428127
882053	2432282
886758	2440121
887233	2441057
889474	2444822
893383	2450743
894703	2453096
898024	2459033
900239	2464871
902985	2469053
903320	2469900
905800	2474826
906383	2476025
907015	2477937
907405	2479181
913920	2487157
914658	2488371
915528	2490810
917300	2493350
919005	2496782
919874	2498743
920541	2499850
921932	2502733
923089	2504661
924795	2506767
926099	2509237
927008	2513994
927842	2516446
928670	2518147
929225	2523967
931005	2526356
932073	2528112
939815	2538057
942465	2541146
942904	2541585
946540	2546354
952587	2554045
953651	2555760
954820	2557193
957062	2559940
957526	2560883
958286	2561816
961775	2566458
964320	2570036
967676	2574668
968429	2582962
970453	2585542
974665	2591490
986580	2607511
987637	2608927
989536	2611905
990078	2612863
992216	2615687
992622	2616400
993436	2617418
994304	2619193
995336	2620807
997428	2623711
1001210	2628477
1002587	2630371
1003305	2633233
1004951	2636001
1005511	2637319
1006106	2650733
1011487	2656114
1018847	2666871
1019295	2667687
1019776	2668807
1019831	2668862
1022493	2673177
1028475	2681270
1038751	2693838
1039126	2694695
1041341	2698004
1050309	2708641
1051568	1803522
1052382	2716693
1055321	2721167
1056540	2723009
1057769	2725046
1058847	2726625
1059409	2728289
1060594	2730392
1063218	2739043
1070890	2749916
1075663	2756687
1076389	2757915
1076693	2758225
1077712	2759680
1082114	2765201
1082486	2765872
1084926	2769472
1085372	2770460
1086492	2772089
1087113	2773438
1087639	2774534
1088623	2776196
1094719	2787360
1096585	2789976
1097821	2792070
1098239	2792750
1099791	2795390
1100705	2797377
1101282	2798420
1102853	2800671
1110019	2810347
1110517	2811145
1117638	2820255
1117846	2820845
1118279	2822059
1120714	2825015
1121105	2826159
1122541	2828493
1125111	2832216
1128938	2837859
1131459	2841429
1132882	2844007
1134137	2846187
1135390	2847854
1135833	2848709
1140733	2855469
1141232	2856479
1142754	2859861
1143715	2861461
1144558	2862870
1145145	2864330
1146119	2866850
1150268	2871005
1150633	2871818
1153580	2875823
1160434	2884456
1168038	2893899
1168382	2894576
1169484	2896527
1170075	2897661
1171077	2898801
1171089	2898813
1171248	2898972
1172577	2900301
1174650	2902708
1175141	2903727
1177911	2906962
1178534	2907996
1179229	2909163
1181239	2911776
1183255	2914172
1193788	2929696
1194395	2930690
1196088	2932566
1196191	2932669
1196616	2933100
1199799	2937150
1199805	2937156
1200165	2937587
1201103	2938619
1205482	2947688
1208524	2953137
1208903	2953520
1217478	2963920
1223932	2974640
1225501	2976318
1226620	2978128
1227840	2981002
1228495	2981773
1230839	2986060
1234175	2990525
1234368	2991044
1243567	3001511
1246830	3006056
1249395	3009603
1252339	3013714
1253059	3014510
1253694	3015766
1254333	3016501
1255060	3017864
1256582	3020203
1258446	3022174
1258900	3022981
1261107	3025919
1261397	3026209
1261837	3027276
1264616	3030684
1266406	3033755
1267406	3036158
1269309	3038960
1271428	3042600
1271924	3043943
1276472	3060126
1276922	3060576
1277255	3061494
1277673	3062239
1279488	3064678
1280145	3067354
1282225	3071143
1282743	3073497
1282792	3073546
1282845	3073599
1283728	3075376
1284345	3076843
1284710	3077700
1292325	916446
1292335	916456
1292352	916473
1365611	895711
1365619	895719
1365652	895752
1365741	895841
1365745	895845
1365761	895861
1365851	895951
1397594	219653
1499292	371838
1507375	379921
1514982	387528
1515014	387560
1545106	417652
1554353	426899
1564824	437370
1614916	487462
1615675	488221
1665713	538259
1667744	540290
1669802	542348
1669805	542351
1670262	542808
1674735	547281
1678932	551478
1703234	575780
1703539	576085
1703554	576100
1703565	576111
1703715	576261
1705526	578072
1705538	578084
1724552	597098
1747137	619683
1752806	625352
1762723	635269
1763679	636225
1769867	642413
1778950	651496
1778963	651509
1790597	863480
1790606	863489
1790609	863492
1794862	869763
1799113	874014
1799249	874150
1799260	874161
1823746	681855
1824326	682435
1825415	683524
1826939	685048
1830643	688752
1831441	689550
1831480	689589
1831501	689610
1832733	690842
1832742	690851
1832823	690932
1849507	728939
1849528	728960
1849622	729054
1851861	731675
1852078	732388
1852098	732408
1852183	732493
1892567	902457
