2	c
228710
482569
1234368
1183255
974665
1208903
1160434
838804
825800
1849507
1171077
646385
635440
1153580
1041341
564875
946540
356851
932073
144420
704284
939815
188421
1110517
661807
1028475
1102853
151924
1011487
463487
77925
1011487
743432
743432
685251
630058
450814
1135833
676086
1070890
802679
961775
426606
59074
878854
130117
1063218
820671
1172577
761486
1849528
1088623
254918
964320
889474
942904
103206
652505
1122541
524673
618705
72391
251701
1271924
846658
679205
1271924
607849
1022493
1077712
1196616
800431
1243567
611969
510543
1179229
420988
1125111
405136
778454
543125
316131
348061
614494
625993
970453
259882
168629
763687
243535
491674
1246830
1284710
1201103
848859
390530
1264616
460054
387261
16747
882053
416221
242121
767314
434168
197946
164627
929225
610436
1118279
1194395
714631
808747
155747
642963
364432
1098239
546205
497002
997428
860387
323807
917300
27592
240350
874689
88838
1128938
227609
737081
737081
385910
531830
1094719
1230839
374432
641784
558244
412402
1266406
1181239
476547
182270
1170075
782115
806599
1101282
751570
1269309
1277673
34759
741929
741929
1150633
120770
913920
1249395
327870
670706
718668
995336
284708
423213
384744
468869
537930
319418
590098
116589
638991
1261837
1141232
436922
1052382
816478
871921
772733
659685
818289
1175141
295033
1134137
754864
473096
698237
1082486
681064
381843
1121105
183787
337646
722405
865392
749995
920541
309961
1055321
655777
578034
1096585
1168382
172547
1131459
13519
536061
206626
887233
987637
774012
1703234
633298
657986
968429
1039126
1019776
1253694
673326
334008
1004951
314544
1087639
283389
1057769
563015
958286
246905
915528
278119
954820
599149
1669802
549773
739682
1005511
493361
350237
177392
541222
693223
669706
731823
766280
994304
851089
1280145
1205482
869962
265293
1225501
760230
739682
796377
1051568
931005
721086
923089
335543
98446
675253
733048
990078
222808
557587
111898
338948
1747137
87350
717422
373786
1056540
1223932
735462
1724552
596449
1258900
390181
29345
894703
1085372
811572
552963
702545
787599
1006106
408461
307027
375950
213716
45743
733048
111898
48065
1267406
1177911
836868
115267
733048
9900
84248
1145145
598104
758331
914658
993436
15303
302247
482020
817668
557394
1097821
479208
449957
459612
595477
288297
1705538
151160
287476
766934
135986
854393
415284
158350
392754
309605
326375
1060594
87350
728316
967676
87521
733048
1001210
587340
1258446
1169484
502514
272619
52168
720125
691316
446817
569986
49902
362471
69879
396119
574451
747562
747562
202236
1144558
363598
1018847
1018847
1099791
728815
1669805
1084926
992216
900239
307532
542699
373594
927008
788589
389157
205417
1365619
733048
529414
585531
263983
1142754
580421
529010
1283728
1174650
406186
406186
406186
556049
406186
1365611
1365652
406186
467358
111923
1276922
1255060
691372
1365611
789253
1669802
789253
1196088
112269
1499292
1762723
376737
211986
376766
102241
798144
838231
886758
1825415
96938
534332
886758
269888
354788
727491
404526
957062
727491
506957
446239
406186
8552
787047
727491
440434
1143715
1703565
36687
838231
1615675
989536
281157
294296
505869
1279488
94590
799548
539929
406186
92479
26697
406186
1019295
1019295
1253059
1564824
942465
1228495
573621
202740
84248
64967
1830643
1135390
1284345
1830643
406186
1003305
919005
406186
791747
1200165
1365619
787053
1564824
6639
100462
602291
1365652
343146
174958
1852098
1499292
542795
1705526
625028
1670262
749430
1171089
442098
749430
1365761
557529
406186
787052
838238
496603
952587
1365741
1365741
496781
924795
1365741
1146119
496781
1132882
903320
795624
1614916
495947
411286
838231
1678932
503686
83992
25720
942465
197138
562165
83992
528104
1365745
1499292
586898
175401
7520
757500
921932
1178534
406186
404526
819857
406186
777167
406186
928670
406224
76861
1076693
1365741
650228
1824326
710511
74486
217125
22163
406141
161881
601741
406186
143614
552373
1665713
471792
406186
472691
557202
7520
575858
1117846
781559
291484
509710
731269
1365652
406186
268169
1227840
406186
919874
406186
1252339
748721
404700
597502
748721
852611
494764
406186
406186
153292
352991
406224
551921
729324
274994
406186
63852
406186
406224
1087113
1514982
605817
276705
833779
402368
23732
957526
1120714
1554353
446288
450317
876586
1747137
160288
450288
593405
1282225
597674
1277255
403445
557457
1050309
1282743
450317
1076389
1075663
406186
634369
542191
1832733
898024
404401
394194
1082114
446583
597674
594723
7520
199811
49151
74486
265054
1852183
221007
308700
260128
579817
281157
564366
118413
1193788
1019831
246340
569012
634369
953651
115267
450288
577062
806108
406186
406186
218894
1670262
446316
1038751
1196191
406186
75962
666312
443160
103361
1852078
893383
70834
789298
570760
103361
103361
406186
153275
1703539
185704
1365851
902985
9070
666353
445412
16202
588953
352689
153299
712685
153299
153275
426284
315126
185656
153275
1168038
450320
153280
450330
406224
406186
406222
906383
50984
281157
1831501
406186
406270
281171
376803
185704
20814
692451
450317
153275
1058847
905800
373585
1261397
1614916
185704
1823746
504800
501960
406186
844283
1790609
835435
218099
281550
446469
449493
699572
867235
727491
1208524
41112
1282792
1282792
652079
844283
992622
211217
109101
1002587
623273
25285
967676
1790609
406186
1256582
542699
540694
986580
397020
572942
185704
7520
597798
717535
557734
845861
1110019
1261107
239624
406233
406233
406186
153292
597674
55134
446288
281157
1282743
109177
137293
199811
668010
153280
597674
185704
450308
406186
1282792
927842
406160
7520
496854
58397
699092
634369
97756
141349
227158
857826
109232
373693
31428
1831441
450288
406186
141349
103361
406192
699100
281589
153280
450317
1892567
575087
578933
575082
634464
450317
1703554
446288
450317
639421
575052
153292
176610
54051
450317
74572
185575
247021
281557
1515014
61954
153275
5441
1832742
139111
281238
197646
853730
555039
907015
447344
103361
1763679
1799113
135093
480491
269479
844283
406186
178657
544194
877064
667263
450330
292296
271126
375796
290105
341800
450330
153290
1171248
374966
623273
162122
557453
1778950
907405
153280
1667744
1790606
119253
1778950
1790597
699092
406192
1292325
1799260
306176
281157
163464
49502
450323
527540
1100705
592684
185656
7592
1799249
926099
205846
74571
109102
1831480
7592
406270
103361
88838
7520
185733
175316
623370
604070
153292
1282845
153280
74486
153275
410567
569268
528668
185733
752982
1397594
153280
185720
509189
185704
185704
185704
672282
185704
450335
1703715
185704
185704
1271428
205846
185704
185704
185704
185704
1271428
723493
153275
436060
216546
738
1667744
1086492
153280
205846
1674735
118413
1254333
450308
1545106
100084
1199805
776046
1292335
1217478
75144
634417
543021
447344
557453
7592
1778963
153333
1778963
406292
1199799
419866
173963
691178
727586
1832823
623273
185708
185704
1752806
46552
185708
186948
185738
7520
103361
185733
239624
326074
109313
103361
1276472
439797
845921
450330
402378
185704
845921
1117638
185704
447338
447338
845921
1826939
696581
355471
103361
47121
54636
845921
634417
634417
1234175
697988
419432
1226620
1292352
1150268
623370
1507375
639566
1794862
536435
199952
1140733
141386
446385
639421
446585
623370
153232
699187
450317
544194
853730
406192
75144
508359
708661
1554353
1059409
402364
1849622
639436
74486
533507
1769867
623273
1851861
75144
406222
