1	c
700514
977098
1925496
1867477
1610643
1895759
1845744
1437698
1423806
491063
491063
1164835
1153794
1838276
1691548
1075823
1571230
851591
1555841
592018
1249094
1564737
640260
1788048
1180175
1678204
1779599
596877
1659119
953036
484296
1649773
1310188
1294496
1222021
1150465
938028
1819528
1212741
1736215
1395012
1588273
911716
463552
1474963
572180
1727336
1418165
1207651
1342192
1207651
1758991
726505
1596468
1488569
1567567
522990
1169565
1802742
1026989
1141112
475823
724243
1975260
1448730
1215881
1968327
1132630
1671443
1744398
1882131
1391819
1934887
1136080
1019820
1863309
905230
1805971
887647
1365655
1053270
804305
838063
1139098
1145473
1605660
732823
616866
1344594
715630
987652
1938825
1996011
1885860
1451106
873865
1956678
948896
871267
400906
1478592
899256
713345
1349754
919619
652650
612769
1552064
1134834
1797282
1880382
1260401
1402530
601099
1162128
858748
1772428
1057163
997039
1637390
1458451
811662
1524826
422451
710763
1471154
509690
1810221
699149
1303915
1288225
868906
1036633
1767615
1921281
79338
1160246
79350
893713
1959466
1865732
967842
632877
1857244
1372193
1399892
1777509
1321575
1964284
1982680
79338
1308057
1292365
1835697
562031
1519375
1941863
817216
1194037
1267190
1634773
765506
907073
867304
959462
1046487
808060
1106256
538012
1157936
1954096
1825722
924740
1708759
1411336
1468807
1358908
1177292
1414171
1859678
780754
1817410
1328461
963963
1236639
1749817
1218243
865982
1800596
634562
831015
1273631
1464011
1319736
1530329
795472
1712490
1173566
1092294
1769915
1854699
621563
1813332
394226
1043484
659818
1485684
1625695
1360623
1991104
1991113
1175423
1603403
1688800
1667987
1946539
1200216
824180
1647740
798775
1757466
762487
1715803
1073288
1584380
720904
1522694
757657
1580748
1117790
1547892
1060342
1290968
1648811
990068
840319
627699
1051326
1231204
1192257
1284142
1348035
1633294
1452703
1987290
1892209
1466358
741992
1913750
1340222
1306663
1388995
1704843
1554308
1271872
1534484
828221
516136
1211495
739064
1629014
692057
429430
739064
832641
1991103
498527
1263551
429430
1714073
1912779
1285580
1991101
1114449
1951650
1991106
425398
1495690
1753919
1404655
1064850
1243818
1377240
1658907
891134
790744
233717
670425
444178
722142
722142
445541
1961769
1861522
1436375
554517
881692
388379
495770
1832324
1116488
1337757
1520531
1631840
396603
786567
974989
1412884
198730
1771776
971159
937521
947867
1112820
769890
125602
595530
768754
1349075
576633
1454646
898064
604542
876932
794629
815229
1720383
500503
1279066
1595405
507615
553186
1641451
1103490
1950950
1856291
1003945
749320
452761
1269656
1985366
934117
1082474
449390
856117
473170
879304
1087118
1299341
1315025
558308
1830967
856921
1656918
1666271
1774773
558308
1354556
1752950
1630836
1505860
791497
1199371
198730
1542965
1378758
873338
659236
1124626
1985366
1034019
1098503
738276
1828476
1095976
1033205
1994011
1858716
1109138
1241930
1230133
1068678
1014365
1513929
991800
30519
957187
1985366
1981134
1948382
553640
990974
322566
1779230
72411
850929
882129
1513908
1985370
72411
667745
322566
521685
1389975
1779362
1484928
553562
515030
1040064
1484007
1985370
848413
991800
1405555
1582327
1355038
1013227
1327785
788284
384915
1355007
1331562
928911
1829920
553103
434983
1124600
850932
1628176
360144
779784
1011827
1984710
111167
1390618
1048266
1925191
111167
421090
857618
1657671
1667020
1945568
1124626
850957
1918087
1085437
125528
501576
471968
990934
1818842
1995318
1354556
665789
1645598
1527656
516747
1384795
1885217
651786
991800
1853259
381488
517877
1122899
1355038
837237
624356
494072
43248
163733
558953
1369338
1124598
1317776
494019
931176
1302095
1853250
40735
802047
1513907
1853250
850931
1578208
1354581
1287041
1287126
1536457
1302731
1834741
1302816
1815635
1510107
1387891
1123839
994443
1199371
991891
1124601
1005451
494629
419002
1045196
650714
1071784
504732
1031303
540007
257525
1101416
159393
156959
1335995
1532910
1862364
670110
1324078
1415937
821233
1363866
1176875
1546378
778367
482245
1743061
712448
546022
645431
1256144
810443
673201
412127
171289
608843
1121597
1353040
590842
1063901
428575
962657
1164491
963172
1070502
588129
1089152
1796139
1371086
774825
1019270
1282362
1042103
1702073
745195
1917731
1579144
1529407
600831
1945114
1316709
886687
1115254
1301025
1453832
992408
1945919
480873
63669
844435
381884
1063022
125528
752596
567168
471075
1718051
393880
1756488
1092860
1131086
755346
1432053
131841
414159
1583892
1799522
158533
83208
1623072
1472578
358483
607199
185947
1109372
1990454
1331484
1981978
886100
86024
1703025
30470
857573
79076
1742349
738880
588705
1052688
1065916
1500732
1631125
879008
1749227
690923
1042022
1111853
1701492
1217979
447950
1339734
740174
505082
683775
792960
354103
1095159
1159528
1074901
158286
1879464
1658696
718865
1080840
1360208
1579492
536902
333841
1090876
1399039
365507
333588
676058
533098
326048
1688060
631925
803107
479964
163638
931851
1179710
1272627
1493809
473681
1130663
1083691
1390880
1258480
1332512
1179681
881622
1164423
740395
1509294
385943
158588
932980
398317
1105550
843688
1968081
1258899
1975014
344537
910639
800236
1763302
1258512
1854116
522635
1648138
893448
663118
247569
1123769
1514455
450808
1122141
1040778
1159247
232790
15653
924197
1925322
408074
1229921
1641099
232810
1717150
1513560
1229403
1953172
1331562
533040
160939
1007302
1003067
275472
417989
375273
1435036
673750
823199
848006
936331
1238614
1465324
1609693
1894279
437790
107089
108500
1168838
1080462
1547787
666174
1544327
1642930
1718087
416770
1600625
637591
785335
1950439
217525
1050494
1624517
880508
72645
600763
1958901
1045067
247689
1911693
218713
1787335
693958
418004
1968091
1975024
352491
1550431
257630
460042
685816
1242971
1014409
1752230
584250
958859
1186999
1318138
712292
788415
1702018
898456
1497761
1544660
31271
1125492
1609667
311685
638550
118561
631925
1287500
698444
1456433
1516452
112083
428279
991719
300106
631189
1303190
480836
1215562
287780
1753733
262772
455980
1577029
821317
1094068
1579082
1109134
333666
1985889
750951
665742
1853927
564707
1416254
80405
456400
480973
1933884
956729
428438
685113
1602692
906607
1149785
511848
844153
585817
123948
1645920
256500
1066806
1516052
1384616
1702179
1092831
217009
1853186
972953
375588
1993478
1641067
1353215
393784
567215
1185973
1248888
776472
747124
198074
773001
836259
588670
1601160
1920167
233239
352588
609494
1595021
129177
1517235
153861
333805
1173098
561139
1601180
1484805
1257617
280371
566928
663094
32581
1753368
611226
448772
1377591
1030339
1776652
1107970
1364802
1394866
365617
564631
200404
700146
232787
851139
1546789
60727
1526445
509588
5116
95257
819262
129139
1128130
851493
232332
517594
1677884
1384558
1834133
1081463
1032224
1198719
1945882
1065957
107050
176606
1018504
1602311
1353171
1109104
1198281
1946025
129110
1093157
283616
516713
1967198
326199
802013
1159368
803039
1241896
1974131
658917
300254
922384
671881
380324
1717603
1755286
108462
127530
1543507
638929
1880012
4356
906570
517212
437159
1362147
58365
1092942
668587
1377495
109072
280471
1600211
509226
1266578
1327121
1641051
1805859
46755
904088
1095732
670120
69483
584594
1579047
778502
1230264
241508
230587
1030991
638208
958838
1602735
131809
1248932
639695
814228
1010805
352458
1973138
928536
681183
1198753
638485
365444
83707
1526372
1497732
1478085
135624
200138
1547787
1234802
47990
1149859
1131919
458567
51825
95374
1327031
1925014
1235991
902892
1915425
1553858
1834927
1484501
893352
923239
1299121
326096
1004789
1824846
803225
835489
1763220
845366
1485415
222542
1364743
153765
300135
180561
1325801
1509136
1017318
1253835
217605
1718597
1526327
490210
1961073
1880012
1038910
1116151
1384416
1920022
620658
1516393
