1	c
710441
985822
1933701
1877224
1622096
1910585
1852998
1445331
1431140
493882
493882
1168700
1156891
1845235
1700850
1079944
1576629
855367
1563823
594821
1251807
1567144
646174
1795320
1184507
1687557
1786133
600560
1665407
956251
489769
1656038
1314194
1298506
1228996
1152828
947161
1824072
1215394
1741307
1397951
1593818
918434
468224
1477622
576110
1734134
1422851
1208863
1344069
1208863
1763097
731192
1598984
1492003
1570753
526787
1172296
1805375
1029889
1144899
479276
726219
1980284
1450108
1217453
1972671
1133898
1677153
1748624
1884334
1393973
1938008
1137641
1025144
1865125
906454
1809474
890510
1366632
1055785
806844
839799
1140182
1148399
1609050
735754
618994
1347370
718150
988929
1941135
1999567
1887343
1452509
876183
1958023
952189
872705
404334
1483224
901111
714523
1351859
920562
654693
616176
1553727
1135512
1798978
1881630
1263173
1403969
602897
1164053
862853
1774018
1059283
1001796
1640934
1460335
813648
1526167
423817
711974
1471860
510728
1812045
699923
1306048
1290358
870060
1038068
1769082
1924262
79829
1160799
79829
896251
1960380
1867410
970302
634049
1857978
1373545
1401419
1778514
1323477
1965721
1984015
79829
1309089
1293397
1837596
563402
1519805
1943304
818828
1195846
1268735
1636416
767782
908924
868076
960935
1047672
810273
1107244
539755
1159201
1956355
1826568
926952
1711639
1412278
1470397
1359864
1178599
1415204
1860516
784049
1818250
1330301
966753
1237877
1751229
1221451
866970
1802009
635774
831873
1276177
1464799
1320442
1531393
797558
1713401
1174673
1092806
1770855
1855468
623255
1814452
395657
1044612
661682
1486517
1626772
1361679
1991592
1991615
1176522
1605014
1690976
1669536
1947434
1201767
825416
1647956
799026
1758381
763389
1716507
1074499
1585957
722062
1524080
761530
1581784
1119655
1548583
1062053
1291478
1649759
990812
842182
629141
1051594
1234122
1193111
1284958
1348416
1634000
1453702
1989086
1893946
1468329
744499
1914305
1341232
1307078
1389707
1705044
1554923
1273289
1535670
828583
516375
1212168
739738
1630027
693729
429916
739735
835175
1991505
499045
1264234
429914
1714679
1913148
1286579
1991407
1114694
1953121
1991433
426876
1497485
1754857
1405459
1065741
1244103
1377446
1659105
892949
791026
234632
671141
444352
722809
722809
446216
1962477
1861723
1437378
557587
882327
390551
497848
1832858
1117238
1338444
1520695
1632506
396969
788291
975328
1413048
199624
1771974
972357
937681
948132
1113112
770813
125849
595769
769303
1349313
577348
1455773
898285
606071
877557
794791
815969
1721246
501041
1279310
1595612
507974
553876
1641678
1104880
1951087
1856501
1004594
750560
453210
1269879
1985682
935241
1083366
450478
856463
473338
879994
1087636
1300121
1315805
559184
1831259
857371
1657065
1666418
1775414
558990
1355325
1753105
1630995
1507880
792287
1199810
199624
1543457
1378976
873488
659421
1124946
1985984
1035827
1099700
738662
1828657
1096922
1033397
1994471
1858910
1109288
1242080
1230283
1069488
1014515
1514257
992087
30669
958260
1985984
1981280
1949820
553876
991301
322750
1779586
72624
851256
882327
1514216
1985689
72624
668259
322750
522131
1390187
1779584
1485101
553853
515662
1040295
1484180
1985553
848948
992087
1407344
1582448
1355325
1014223
1328095
788434
385081
1355325
1331847
929131
1830072
553300
435581
1124822
851259
1628312
360582
779932
1012025
1984956
111564
1390728
1048691
1925341
111564
421834
857769
1657809
1667158
1945716
1124806
851196
1918915
1085915
125849
503713
472163
992112
1818955
1995447
1355325
665930
1646669
1528116
516897
1384968
1885401
652106
992112
1853439
381732
519437
1123197
1355325
837417
624501
494419
43560
164107
559184
1369975
1124865
1317938
494320
931340
1302257
1853439
41206
802197
1514216
1853465
851259
1578875
1354790
1287250
1287276
1537566
1302940
1834919
1302966
1816262
1510234
1388414
1124822
994644
1199808
992112
1124946
1005609
494766
419256
1045432
650983
1072595
504872
1031418
540211
257788
1101546
159763
157511
1336118
1533348
1862535
670260
1325822
1416058
821384
1364223
1177024
1546488
778479
482443
1743652
712661
546439
652073
1257510
810642
673316
413068
171484
608984
1121722
1353190
591648
1064072
433019
962807
1164641
963274
1070636
588408
1090032
1796268
1371599
775102
1019379
1282462
1042390
1702213
745677
1918593
1579284
1529584
600946
1945420
1316831
886829
1115383
1301147
1454078
992519
1946044
480998
63781
845158
381996
1063190
125743
753166
567281
471654
1718190
393982
1756598
1092966
1131698
755822
1433009
135649
415026
1583977
1799668
158672
83457
1623266
1473029
358905
607559
186181
1109460
1990684
1331767
1982142
886440
86602
1703155
30625
857961
79257
1742463
738999
588867
1052952
1066084
1501402
1633085
879130
1749406
691055
1042310
1112159
1701766
1218189
448083
1339933
740256
505289
684274
793077
359277
1095256
1159900
1074986
158610
1879635
1658850
719007
1080925
1360370
1579581
536989
333941
1091650
1399176
365647
333691
677130
540239
326256
1688206
632042
803244
480052
163799
931977
1179796
1279878
1494756
473777
1130802
1083833
1391083
1258567
1332643
1179764
881766
1164510
740494
1509407
386094
158709
933598
398657
1105652
843765
1968150
1259060
1975083
344620
910749
800365
1763399
1258592
1854184
522832
1648283
893632
663230
247718
1123863
1514648
451467
1122660
1042187
1159387
232856
16042
924297
1925409
408385
1229987
1641180
232877
1717268
1513683
1229526
1953316
1332535
533121
161212
1007419
1003200
275603
418069
375398
1436247
673870
823277
848089
936416
1238704
1465436
1609846
1894381
437905
107171
108582
1169017
1080542
1548078
666244
1544548
1642999
1718287
417055
1600734
637745
785432
1950501
217653
1050692
1624606
880577
72741
600850
1959171
1045232
257709
1911942
218815
1787430
694134
418116
1968184
1975117
352620
1550491
257917
460243
685936
1243415
1014564
1752404
584385
959061
1187096
1318264
712581
788480
1702107
898605
1497864
1544842
31425
1125954
1609744
311772
638670
118674
637621
1287578
698558
1456556
1516571
112194
428378
991944
300172
631314
1303268
480922
1215695
287964
1753843
262914
456052
1577152
821441
1094167
1579211
1114118
333738
1986079
751115
665814
1853990
564818
1416329
80474
456503
481045
1934012
956914
428601
685173
1602747
906705
1149883
512165
844296
585912
124408
1648271
262791
1066860
1516218
1387576
1702235
1092884
217209
1853359
974167
375668
1993558
1641133
1360438
393937
567343
1186106
1248956
777826
747334
198170
773315
836321
588739
1601212
1920241
233306
352717
610324
1595072
129234
1517350
153944
333866
1173172
561190
1601234
1484888
1257727
280490
567068
663147
32710
1753766
611986
448822
1377666
1030400
1776702
1108031
1364898
1394924
365681
571105
200478
700207
232995
851324
1546849
60783
1526497
509644
5403
95315
819356
129279
1128193
851543
232877
517736
1678064
1384640
1834325
1082131
1032272
1198777
1945991
1072067
107109
176677
1018588
1602364
1353224
1109157
1198367
1946078
129173
1093204
283703
516766
1967283
326289
802066
1159421
803126
1241949
1974216
658969
300312
922508
672017
380893
1718190
1755350
108520
127604
1548101
639130
1880058
4402
906626
517391
437246
1362234
58449
1093006
668632
1377578
109117
280527
1600263
509284
1266622
1327193
1641095
1805903
46858
904196
1095808
678269
69547
584675
1579169
778551
1230317
241573
230630
1031074
638265
958891
1602850
131865
1248990
639807
814302
1010848
352514
1973329
928629
681225
1198939
638630
365526
83749
1526414
1497780
1478147
135675
200180
1552203
1234850
48177
1149911
1132080
458626
51867
95489
1327146
1925169
1236032
903307
1915885
1553913
1835170
1484655
893393
923280
1299162
333913
1004830
1824920
803266
835630
1763373
845498
1485569
222686
1364844
153935
300277
180698
1325852
1509176
1017381
1253885
217743
1719428
1526464
490283
1961215
1880175
1039013
1116191
1384663
1920241
620918
1516467
