2	c
238849
490950
1242589
1193112
985220
1223705
1167520
846177
833411
1852365
1173935
650177
638770
1160243
1050440
568741
951638
360701
939424
147223
707003
942183
194372
1117342
666160
1038493
1109457
155512
1018208
466696
83399
1018208
747129
747129
691922
632519
459113
1140675
679009
1075671
805584
966720
433525
63204
881587
133797
1069882
825384
1173914
763387
1850865
1092610
259192
966720
892762
946321
106783
655076
1124768
527253
622030
75793
253649
1276689
847998
680816
1276294
609157
1027988
1081750
1198658
802627
1246462
613709
515884
1180846
422212
1128429
408193
779423
545639
318425
349922
615559
629125
973694
262580
170615
765936
245838
492909
1249087
1288030
1202512
850214
392299
1265976
463020
388827
20195
886362
417930
243291
769208
435217
199993
168158
930853
611114
1119902
1195649
717316
810156
157349
644805
368515
1099522
548120
501384
1000936
862196
325866
918511
28829
241622
875400
89935
1130658
228359
739275
739275
386848
533196
1096196
1233681
374922
642338
558723
414691
1267281
1182728
478901
183527
1170821
783412
808029
1102315
753387
1270608
1279109
35250
742767
742767
1152628
122216
914350
1250963
329416
671982
719948
996801
286972
424951
385589
470374
539056
321737
591104
118189
640222
1264066
1142071
439028
1054801
817348
873620
773662
660944
819467
1175935
297909
1135049
756550
476090
699395
1083944
683817
382738
1122219
184915
338481
724760
866175
750767
921561
312159
1056154
656736
578547
1097561
1169178
174275
1132512
14696
537227
208464
888047
988609
775084
1703776
633821
659192
970147
1041024
1021195
1254670
674756
335042
1005167
314796
1088350
284227
1058473
564193
959621
248093
916840
281953
955805
601014
1670488
551417
740168
1006305
494126
351984
178909
541482
696105
670373
732606
766661
994972
852112
1281754
1207277
871822
267750
1226118
761304
740078
797064
1051772
931558
722286
924210
335870
98685
676048
733603
991181
224535
558111
112444
341201
1747594
87880
717983
374308
1057184
1224309
736537
1724879
596697
1260067
390517
30855
896663
1086321
812369
553864
702826
787805
1006305
410252
307308
376863
214373
45922
733600
112444
48691
1268158
1178111
837801
118189
733534
12035
86333
1145645
598830
759042
914822
994113
15619
303761
482354
817832
558320
1098013
480326
450114
459878
595769
289344
1705785
151408
287970
767170
136664
855612
415505
159741
393317
309767
326958
1061389
87880
728560
967887
87880
733603
1001444
588566
1258583
1169696
503185
273919
52539
720348
691616
447838
570821
50891
362822
70047
396757
574959
748291
748291
203034
1144849
364070
1018993
1018993
1100406
729424
1670566
1085078
992375
902310
308233
543034
374520
927532
788807
389307
205602
1365950
733575
531402
586500
264407
1142931
581397
529203
1284045
1174844
406336
406336
406336
556708
406336
1365950
1365950
406336
468455
112444
1277070
1256306
691616
1365950
789437
1670158
789466
1196416
112444
1499604
1763033
376948
212626
376948
102693
798357
838453
886931
1825709
97555
534563
886931
270039
355302
727778
406336
957183
727778
507892
446552
406336
8717
787364
727778
440665
1143867
1703776
37219
838453
1616001
989671
281610
294444
506074
1279734
94994
799658
540339
406336
92883
27368
406336
1019440
1019440
1253203
1565004
942704
1229479
574057
203062
86333
65162
1831666
1135503
1284474
1831585
406326
1004417
919551
406336
791916
1200349
1365950
787364
1565004
6882
101773
602608
1365950
343330
175104
1852461
1499604
543066
1705757
625660
1670518
749589
1171397
442262
749589
1365950
557999
406336
787364
838453
496931
953314
1365950
1365950
496931
925900
1365950
1146297
496931
1133511
903447
796067
1615895
496149
411625
838452
1679277
503844
84129
25974
942704
197408
562803
84129
528219
1365950
1499556
587027
175767
8097
757623
922333
1178703
406336
406299
819978
406336
777540
406336
928780
406336
77033
1077288
1365950
650648
1830955
711758
74694
217240
23059
406336
162007
601866
406336
144319
552519
1670095
471943
406336
472793
557336
7805
576611
1117975
782053
291743
509819
731369
1365950
406326
268780
1228878
406326
920053
406301
1252626
748843
404842
597631
748843
852940
494875
406311
406311
153405
353622
406336
552089
729540
275518
406299
64318
406326
406326
1087223
1515076
606346
277103
834622
406316
24618
957611
1120859
1554470
446530
450531
876983
1747594
160644
450537
593493
1282423
597961
1277415
403795
558012
1050439
1282888
450531
1076566
1075777
406301
634528
542488
1832904
898573
406289
394316
1082298
446715
597961
595036
7805
200018
49287
74694
265136
1852461
221474
308818
265504
579925
281569
564451
118636
1193953
1019995
246482
569097
634528
953740
115354
450389
577700
806252
406326
406289
219831
1677534
446526
1038896
1196308
406326
76050
666474
443286
103447
1859346
894367
70930
789437
570902
103563
103447
406315
153358
1703742
185791
1365950
903092
9213
666474
446010
16547
589053
352767
153368
712837
153368
153358
426394
315235
185752
153354
1168106
450531
153423
450528
406336
406336
406316
906578
51634
281697
1832841
406326
406336
281584
376903
185791
21161
692517
450398
153342
1058964
905923
373712
1261545
1615986
185791
1824021
504934
502094
406336
844363
1790726
836481
218219
281628
446552
449578
699662
867347
727641
1208626
41244
1282864
1282864
652255
844363
992910
211287
109356
1002656
623475
25529
967788
1790742
406326
1256644
542826
540892
986669
397089
573034
185791
7805
597961
727650
558012
845963
1110114
1261283
239740
406326
406326
406315
153352
597961
55319
446407
281617
1282888
109356
137428
200018
668107
153405
597961
185769
450398
406336
1282885
927993
406336
8097
496931
58542
699213
634483
103413
141427
227271
857948
109356
373805
31528
1831666
450354
406316
141427
103447
406326
699302
281697
153423
450389
1892696
575215
579031
575215
639575
450389
1703776
446455
450389
639484
575167
153368
176679
54133
450389
74694
185752
247192
281617
1515069
62054
153373
5751
1832898
139206
281697
200018
860107
555093
907165
450339
103417
1763732
1799302
135266
481639
269559
844363
406252
185791
544351
877192
667396
450398
293338
271358
375892
290406
341862
450398
153342
1171322
375033
623402
162826
557504
1779007
907520
153357
1667814
1790680
119304
1779007
1790680
699213
406311
1292406
1799313
306309
281569
164154
49552
450398
527601
1100755
592745
185752
7651
1799313
932581
205920
74632
109343
1831666
7651
406326
103413
88894
7805
185791
175425
623511
604133
153342
1283345
153423
74694
153357
410737
569891
528716
185791
753091
1403737
153343
185791
509273
185757
185757
185757
672368
185757
450398
1703762
185791
185757
1271505
205936
185757
185757
185791
185757
1271505
723545
153333
436184
216682
1223
1668267
1086561
153343
205920
1679252
118636
1254379
450354
1545162
100263
1199892
776132
1292406
1217542
75189
634500
543066
447406
557504
7651
1779007
153405
1779007
406336
1199901
419974
174038
699302
727650
1832904
623395
185757
185757
1752871
46595
185791
187010
185791
7651
103417
185791
239740
326148
109356
103417
1276689
439890
845963
450531
402516
185786
845963
1117680
185752
447406
447397
845963
1831472
696629
355657
103417
47326
54692
845963
634528
634528
1234312
698029
419759
1227063
1292396
1150514
623524
1507416
639607
1794903
544340
199993
1140801
141427
446526
639575
446715
623524
153376
699302
450496
544340
853858
406243
75184
508426
708711
1554470
1060247
402516
1849687
639575
74693
533610
1769907
623524
1852194
75339
406301
